chembl_id,standard_value,standard_relation,standard_type,pchembl_value,molregno,canonical_smiles
CHEMBL414883,19.0,=,Kd,7.72,136087,C[C@@H]1C[C@H]2O[C@@H]2/C=C\C=C\C(=O)Cc2c(Cl)c(O)cc(O)c2C(=O)O1
CHEMBL414883,2.7,=,Kd,8.57,136087,C[C@@H]1C[C@H]2O[C@@H]2/C=C\C=C\C(=O)Cc2c(Cl)c(O)cc(O)c2C(=O)O1
CHEMBL278315,1215.0,=,Kd,5.92,25906,COC1=C2C[C@@H](C)C[C@H](OC)[C@H](O)[C@@H](C)/C=C(\C)[C@H](OC(N)=O)[C@@H](OC)/C=C\C=C(/C)C(=O)NC(=CC1=O)C2=O
CHEMBL278315,775.0,=,Kd,6.11,25906,COC1=C2C[C@@H](C)C[C@H](OC)[C@H](O)[C@@H](C)/C=C(\C)[C@H](OC(N)=O)[C@@H](OC)/C=C\C=C(/C)C(=O)NC(=CC1=O)C2=O
CHEMBL262054,2500.0,=,EC50,5.6,286660,CO[C@H]1/C=C\C=C(/C)C(=O)NC2=CC(=O)C(NCCCCCOc3ccc4c(=O)cc(N5CCOCC5)oc4c3)=C(C[C@@H](C)C[C@H](OC)[C@H](O)[C@@H](C)/C=C(\C)[C@@H]1OC(N)=O)C2=O
CHEMBL109480,1000.0,=,EC50,6.0,183934,C=CCNC1=C2C[C@@H](C)C[C@H](OC)[C@H](O)[C@@H](C)/C=C(\C)[C@H](OC(N)=O)[C@@H](OC)/C=C\C=C(/C)C(=O)NC(=CC1=O)C2=O
CHEMBL355195,4000.0,=,EC50,5.4,286043,CO[C@H]1/C=C\C=C(/C)C(=O)NC2=CC(=O)C(NCCCCCCOc3ccc4c(=O)cc(N5CCOCC5)oc4c3)=C(C[C@@H](C)C[C@H](OC)[C@H](O)[C@@H](C)/C=C(\C)[C@@H]1OC(N)=O)C2=O
CHEMBL173055,28000.0,=,EC50,4.55,288690,CO[C@H]1/C=C\C=C(/C)C(=O)NC2=CC(=O)C(NCCCCCCCCOc3ccc4c(=O)cc(N5CCOCC5)oc4c3C)=C(C[C@@H](C)C[C@H](OC)[C@H](O)[C@@H](C)/C=C(\C)[C@@H]1OC(N)=O)C2=O
CHEMBL366754,7000.0,=,EC50,5.16,287748,CO[C@H]1/C=C\C=C(/C)C(=O)NC2=CC(=O)C(NCC#Cc3cccc4c(=O)cc(N5CCOCC5)oc34)=C(C[C@@H](C)C[C@H](OC)[C@H](O)[C@@H](C)/C=C(\C)[C@@H]1OC(N)=O)C2=O
CHEMBL424579,16000.0,=,EC50,4.8,287018,CO[C@H]1/C=C\C=C(/C)C(=O)NC2=CC(=O)C(NCCOCCOc3ccc4c(=O)cc(N5CCOCC5)oc4c3)=C(C[C@@H](C)C[C@H](OC)[C@H](O)[C@@H](C)/C=C(\C)[C@@H]1OC(N)=O)C2=O
CHEMBL173928,26000.0,=,EC50,4.58,287178,CO[C@H]1/C=C\C=C(/C)C(=O)NC2=CC(=O)C(NCCCOc3ccc4c(=O)cc(N5CCOCC5)oc4c3)=C(C[C@@H](C)C[C@H](OC)[C@H](O)[C@@H](C)/C=C(\C)[C@@H]1OC(N)=O)C2=O
CHEMBL263287,46000.0,=,EC50,4.34,288779,CO[C@H]1/C=C\C=C(/C)C(=O)NC2=CC(=O)C(NCCCCCCCOc3ccc4c(=O)cc(N5CCOCC5)oc4c3C)=C(C[C@@H](C)C[C@H](OC)[C@H](O)[C@@H](C)/C=C(\C)[C@@H]1OC(N)=O)C2=O
CHEMBL366637,10000.0,=,EC50,5.0,287179,CO[C@H]1/C=C\C=C(/C)C(=O)NC2=CC(=O)C(NCCCCOc3ccc4c(=O)cc(N5CCOCC5)oc4c3)=C(C[C@@H](C)C[C@H](OC)[C@H](O)[C@@H](C)/C=C(\C)[C@@H]1OC(N)=O)C2=O
CHEMBL178130,680.0,=,Kd,6.17,301178,CCc1cc(-c2n[nH]c(C(=O)O)c2-c2ccc3c(c2)OCO3)c(O)cc1O
CHEMBL360563,280.0,=,Kd,6.55,301179,CCc1cc(-c2n[nH]cc2-c2c[nH]cn2)c(O)cc1O
CHEMBL109480,1270.0,=,IC50,5.9,183934,C=CCNC1=C2C[C@@H](C)C[C@H](OC)[C@H](O)[C@@H](C)/C=C(\C)[C@H](OC(N)=O)[C@@H](OC)/C=C\C=C(/C)C(=O)NC(=CC1=O)C2=O
CHEMBL414883,150.0,=,IC50,6.82,136087,C[C@@H]1C[C@H]2O[C@@H]2/C=C\C=C\C(=O)Cc2c(Cl)c(O)cc(O)c2C(=O)O1
CHEMBL399530,280.0,=,IC50,6.55,418966,CCc1cc(-c2[nH]nc(C)c2-c2ccc3c(c2)OCCO3)c(O)cc1O
CHEMBL188965,4730.0,=,IC50,5.33,316430,Cc1n[nH]c(-c2ccc(O)cc2O)c1-c1ccc2c(c1)OCCO2
CHEMBL191074,210.0,=,IC50,6.68,315964,Cc1[nH]nc(-c2cc(Cl)c(O)cc2O)c1-c1ccc2c(c1)OCCO2
CHEMBL192894,4400.0,=,IC50,5.36,317090,COc1ccc(-c2c(-c3ccc(O)cc3O)n[nH]c2C)cc1
CHEMBL364968,62.0,=,IC50,7.21,317091,COc1ccc(-c2c(C)n[nH]c2-c2cc(Br)c(O)cc2O)cc1
CHEMBL371380,150.0,=,IC50,6.82,316695,COc1ccc(-c2c(C)n[nH]c2-c2cc(Cl)c(O)cc2O)cc1
CHEMBL426446,510.0,=,IC50,6.29,316696,COc1ccc(-c2c(-c3cc(Cl)c(O)cc3O)n[nH]c2C(=O)O)cc1
CHEMBL366215,53.0,=,IC50,7.28,317061,COc1ccc(-c2c(-c3cc(Cl)c(O)cc3O)n[nH]c2C(N)=O)cc1
CHEMBL424811,39.0,=,IC50,7.41,316850,CNC(=O)c1[nH]nc(-c2cc(Cl)c(O)cc2O)c1-c1ccc(OC)cc1
CHEMBL190182,70.0,=,IC50,7.16,317139,CCNC(=O)c1[nH]nc(-c2cc(Br)c(O)cc2O)c1-c1ccc(OC)cc1
CHEMBL365617,25.0,=,IC50,7.6,317497,CCNC(=O)c1n[nH]c(-c2cc(Cl)c(O)cc2O)c1-c1ccc(OC)cc1
CHEMBL365700,120.0,=,IC50,6.92,317776,COc1ccc(-c2c(-c3cc(Cl)c(O)cc3O)n[nH]c2C(=O)NC(C)C)cc1
CHEMBL370286,19100.0,=,EC50,4.72,320918,C#CCCCn1c(Sc2ccc(OC)cc2)nc2c(N)ncnc21
CHEMBL426086,3400.0,=,EC50,5.47,320708,C#CCCCn1c(Sc2ccc(Cl)cc2)nc2c(N)ncnc21
CHEMBL363860,2700.0,=,EC50,5.57,320709,C#CCCCn1c(Sc2ccc(C(C)=O)cc2)nc2c(N)ncnc21
CHEMBL371570,2000.0,=,EC50,5.7,321053,C#CCCCn1c(Sc2ccc(OC)cc2OC)nc2c(N)ncnc21
CHEMBL424824,8600.0,=,EC50,5.07,321245,C#CCCCn1c(Sc2ccc(C)cc2C)nc2c(N)ncnc21
CHEMBL365118,37500.0,=,EC50,4.43,320722,C#CCCCn1c(Sc2ccc(Cl)cc2Cl)nc2c(N)ncnc21
CHEMBL364239,13400.0,=,EC50,4.87,321065,C#CCCCn1c(Sc2cc(C)ccc2C)nc2c(N)ncnc21
CHEMBL364450,2100.0,=,EC50,5.68,320907,C#CCCCn1c(Sc2cc(Cl)ccc2Cl)nc2c(N)ncnc21
CHEMBL273986,190.0,=,EC50,6.72,320908,C#CCCCn1c(Sc2cc(OC)ccc2OC)nc2c(N)ncnc21
CHEMBL273986,30500.0,=,EC50,4.52,320908,C#CCCCn1c(Sc2cc(OC)ccc2OC)nc2c(N)ncnc21
CHEMBL273986,66300.0,=,EC50,4.18,320908,C#CCCCn1c(Sc2cc(OC)ccc2OC)nc2c(N)ncnc21
CHEMBL273986,160.0,=,EC50,6.8,320908,C#CCCCn1c(Sc2cc(OC)ccc2OC)nc2c(N)ncnc21
CHEMBL192062,200.0,=,EC50,6.7,321250,C#CCCCn1c(Sc2cc(OC)ccc2Cl)nc2c(N)ncnc21
CHEMBL192062,44900.0,=,EC50,4.35,321250,C#CCCCn1c(Sc2cc(OC)ccc2Cl)nc2c(N)ncnc21
CHEMBL192062,9600.0,=,EC50,5.02,321250,C#CCCCn1c(Sc2cc(OC)ccc2Cl)nc2c(N)ncnc21
CHEMBL192062,18900.0,=,EC50,4.72,321250,C#CCCCn1c(Sc2cc(OC)ccc2Cl)nc2c(N)ncnc21
CHEMBL192062,310.0,=,EC50,6.51,321250,C#CCCCn1c(Sc2cc(OC)ccc2Cl)nc2c(N)ncnc21
CHEMBL192145,70.0,=,EC50,7.16,321251,C#CCCCn1c(Sc2cc(OC)ccc2Br)nc2c(N)ncnc21
CHEMBL192145,14400.0,=,EC50,4.84,321251,C#CCCCn1c(Sc2cc(OC)ccc2Br)nc2c(N)ncnc21
CHEMBL192145,27600.0,=,EC50,4.56,321251,C#CCCCn1c(Sc2cc(OC)ccc2Br)nc2c(N)ncnc21
CHEMBL192145,29500.0,=,EC50,4.53,321251,C#CCCCn1c(Sc2cc(OC)ccc2Br)nc2c(N)ncnc21
CHEMBL192145,130.0,=,EC50,6.89,321251,C#CCCCn1c(Sc2cc(OC)ccc2Br)nc2c(N)ncnc21
CHEMBL191635,50.0,=,EC50,7.3,321070,C#CCCCn1c(Sc2cc(OC)ccc2I)nc2c(N)ncnc21
CHEMBL191635,30500.0,=,EC50,4.52,321070,C#CCCCn1c(Sc2cc(OC)ccc2I)nc2c(N)ncnc21
CHEMBL191635,29700.0,=,EC50,4.53,321070,C#CCCCn1c(Sc2cc(OC)ccc2I)nc2c(N)ncnc21
CHEMBL191635,26700.0,=,EC50,4.57,321070,C#CCCCn1c(Sc2cc(OC)ccc2I)nc2c(N)ncnc21
CHEMBL191635,30.0,=,EC50,7.52,321070,C#CCCCn1c(Sc2cc(OC)ccc2I)nc2c(N)ncnc21
CHEMBL364456,3700.0,=,EC50,5.43,321116,C#CCCCn1c(Sc2cc(C(F)(F)F)ccc2Cl)nc2c(N)ncnc21
CHEMBL192013,30400.0,=,EC50,4.52,320948,C#CCCCn1c(Sc2cc(Cl)cc(Cl)c2)nc2c(N)ncnc21
CHEMBL195096,10600.0,=,EC50,4.97,320978,C#CCCCn1c(Sc2cc(C)cc(C)c2)nc2c(N)ncnc21
CHEMBL192480,8500.0,=,EC50,5.07,320730,C#CCCCn1c(Sc2cc(Cl)c(Cl)cc2Cl)nc2c(N)ncnc21
CHEMBL365159,30.0,=,EC50,7.52,321074,C#CCCCn1c(Sc2cc3c(cc2Br)OCO3)nc2c(N)ncnc21
CHEMBL365159,40200.0,=,EC50,4.4,321074,C#CCCCn1c(Sc2cc3c(cc2Br)OCO3)nc2c(N)ncnc21
CHEMBL365159,14700.0,=,EC50,4.83,321074,C#CCCCn1c(Sc2cc3c(cc2Br)OCO3)nc2c(N)ncnc21
CHEMBL365159,65300.0,=,EC50,4.18,321074,C#CCCCn1c(Sc2cc3c(cc2Br)OCO3)nc2c(N)ncnc21
CHEMBL365159,20.0,=,EC50,7.7,321074,C#CCCCn1c(Sc2cc3c(cc2Br)OCO3)nc2c(N)ncnc21
CHEMBL190518,1500.0,=,EC50,5.82,321120,C#CCCCn1c(Sc2cc(OC)c(OC)c(OC)c2)nc2c(N)ncnc21
CHEMBL190518,4200.0,=,EC50,5.38,321120,C#CCCCn1c(Sc2cc(OC)c(OC)c(OC)c2)nc2c(N)ncnc21
CHEMBL190518,2800.0,=,EC50,5.55,321120,C#CCCCn1c(Sc2cc(OC)c(OC)c(OC)c2)nc2c(N)ncnc21
CHEMBL192647,180.0,=,EC50,6.75,320879,C#CCCCn1c(Sc2cc(OC)c(OC)c(OC)c2Cl)nc2c(N)ncnc21
CHEMBL192647,42400.0,=,EC50,4.37,320879,C#CCCCn1c(Sc2cc(OC)c(OC)c(OC)c2Cl)nc2c(N)ncnc21
CHEMBL192647,18200.0,=,EC50,4.74,320879,C#CCCCn1c(Sc2cc(OC)c(OC)c(OC)c2Cl)nc2c(N)ncnc21
CHEMBL192647,330.0,=,EC50,6.48,320879,C#CCCCn1c(Sc2cc(OC)c(OC)c(OC)c2Cl)nc2c(N)ncnc21
CHEMBL193056,3100.0,=,EC50,5.51,321218,C#CCCCn1c(Sc2cc(OC)c(OC)c(OC)c2I)nc2c(N)ncnc21
CHEMBL195869,4600.0,=,EC50,5.34,321260,CCCCn1c(Sc2cccc(OC)c2)nc2c(N)ncnc21
CHEMBL191601,2800.0,=,EC50,5.55,321018,COc1cccc(Sc2nc3c(N)ncnc3n2CCOC(C)C)c1
CHEMBL191641,3100.0,=,EC50,5.51,321048,CCCCn1c(Sc2cc(OC)c(OC)c(OC)c2)nc2c(N)ncnc21
CHEMBL191668,3400.0,=,EC50,5.47,320806,COc1cc(Sc2nc3c(N)ncnc3n2CCOC(C)C)cc(OC)c1OC
CHEMBL191668,5300.0,=,EC50,5.28,320806,COc1cc(Sc2nc3c(N)ncnc3n2CCOC(C)C)cc(OC)c1OC
CHEMBL191668,4300.0,=,EC50,5.37,320806,COc1cc(Sc2nc3c(N)ncnc3n2CCOC(C)C)cc(OC)c1OC
CHEMBL193259,1500.0,=,EC50,5.82,321155,C#CCCCn1c(Sc2cc(OC)c(OC)c(OC)c2)nc2c(N)nc(F)nc21
CHEMBL193259,2000.0,=,EC50,5.7,321155,C#CCCCn1c(Sc2cc(OC)c(OC)c(OC)c2)nc2c(N)nc(F)nc21
CHEMBL193259,2200.0,=,EC50,5.66,321155,C#CCCCn1c(Sc2cc(OC)c(OC)c(OC)c2)nc2c(N)nc(F)nc21
CHEMBL439852,2500.0,=,EC50,5.6,320919,COc1cc(Sc2nc3c(N)nc(F)nc3n2CCOC(C)C)cc(OC)c1OC
CHEMBL191268,850.0,=,EC50,6.07,320743,CCCCn1c(Sc2cc(OC)c(OC)c(OC)c2Cl)nc2c(N)ncnc21
CHEMBL193282,120.0,=,EC50,6.92,320723,C#CCCCn1c(Sc2cc(OC)c(OC)c(OC)c2Cl)nc2c(N)nc(F)nc21
CHEMBL193282,26900.0,=,EC50,4.57,320723,C#CCCCn1c(Sc2cc(OC)c(OC)c(OC)c2Cl)nc2c(N)nc(F)nc21
CHEMBL193282,53100.0,=,EC50,4.28,320723,C#CCCCn1c(Sc2cc(OC)c(OC)c(OC)c2Cl)nc2c(N)nc(F)nc21
CHEMBL193282,90.0,=,EC50,7.05,320723,C#CCCCn1c(Sc2cc(OC)c(OC)c(OC)c2Cl)nc2c(N)nc(F)nc21
CHEMBL193282,290.0,=,EC50,6.54,320723,C#CCCCn1c(Sc2cc(OC)c(OC)c(OC)c2Cl)nc2c(N)nc(F)nc21
CHEMBL191786,160.0,=,EC50,6.8,321066,COc1cc(Sc2nc3c(N)nc(F)nc3n2CCOC(C)C)c(Cl)c(OC)c1OC
CHEMBL191786,76700.0,=,EC50,4.12,321066,COc1cc(Sc2nc3c(N)nc(F)nc3n2CCOC(C)C)c(Cl)c(OC)c1OC
CHEMBL191786,26700.0,=,EC50,4.57,321066,COc1cc(Sc2nc3c(N)nc(F)nc3n2CCOC(C)C)c(Cl)c(OC)c1OC
CHEMBL191786,470.0,=,EC50,6.33,321066,COc1cc(Sc2nc3c(N)nc(F)nc3n2CCOC(C)C)c(Cl)c(OC)c1OC
CHEMBL191920,2400.0,=,EC50,5.62,320939,CCCCn1c(Sc2cc(OC)c(OC)c(OC)c2Cl)nc2c(N)nc(F)nc21
CHEMBL363196,5000.0,=,EC50,5.3,320726,COc1cc(Sc2nc3c(N)ncnc3n2CCOC(C)C)c(Cl)cc1Cl
CHEMBL370247,2100.0,=,EC50,5.68,321117,COc1c(Cl)c(Sc2nc3c(N)ncnc3n2CCOC(C)C)c(Cl)c(OC)c1OC
CHEMBL415775,90700.0,=,EC50,4.04,321145,Nc1[nH]cnc2nc(Sc3cc(C(F)(F)F)ccc3Cl)nc1-2
CHEMBL194716,15400.0,=,EC50,4.81,320979,Nc1[nH]cnc2nc(Sc3cc(Cl)c(Cl)cc3Cl)nc1-2
CHEMBL364272,85100.0,=,EC50,4.07,320980,Nc1ncnc2[nH]c(Sc3cc(Cl)ccc3Cl)nc12
CHEMBL192937,4800.0,=,EC50,5.32,320731,CCCCn1c(S(=O)(=O)c2cc(OC)c(OC)c(OC)c2Cl)nc2c(N)ncnc21
CHEMBL189537,1500.0,=,EC50,5.82,321121,C#CCCCn1c([S+]([O-])c2cccc(OC)c2)nc2c(N)ncnc21
CHEMBL193672,3500.0,=,EC50,5.46,321149,COc1cccc([S+]([O-])c2nc3c(N)ncnc3n2CCOC(C)C)c1
CHEMBL192649,4700.0,=,EC50,5.33,320915,CCCCn1c([S+]([O-])c2cccc(OC)c2)nc2c(N)ncnc21
CHEMBL192761,76500.0,=,EC50,4.12,320916,CCCCn1c([S+]([O-])c2cc(OC)c(OC)c(OC)c2)nc2c(N)ncnc21
CHEMBL370092,2300.0,=,EC50,5.64,321261,COc1cc([S+]([O-])c2nc3c(N)ncnc3n2CCOC(C)C)cc(OC)c1OC
CHEMBL161992,3600.0,=,EC50,5.44,271826,C#CCCCn1c(Cc2cc(OC)c(OC)c(OC)c2)nc2c(N)ncnc21
CHEMBL161992,3500.0,=,EC50,5.46,271826,C#CCCCn1c(Cc2cc(OC)c(OC)c(OC)c2)nc2c(N)ncnc21
CHEMBL352683,5100.0,=,EC50,5.29,270897,COc1cc(Cc2nc3c(N)ncnc3n2CCOC(C)C)cc(OC)c1OC
CHEMBL352683,3600.0,=,EC50,5.44,270897,COc1cc(Cc2nc3c(N)ncnc3n2CCOC(C)C)cc(OC)c1OC
CHEMBL352683,5800.0,=,EC50,5.24,270897,COc1cc(Cc2nc3c(N)ncnc3n2CCOC(C)C)cc(OC)c1OC
CHEMBL349231,1600.0,=,EC50,5.8,271408,C#CCCCn1c(Cc2cc(OC)c(OC)c(OC)c2)nc2c(N)nc(F)nc21
CHEMBL349231,1400.0,=,EC50,5.85,271408,C#CCCCn1c(Cc2cc(OC)c(OC)c(OC)c2)nc2c(N)nc(F)nc21
CHEMBL112953,170.0,=,EC50,6.77,183085,C#CCCCn1c(Cc2cc(OC)c(OC)c(OC)c2Cl)nc2c(N)nc(F)nc21
CHEMBL112953,230.0,=,EC50,6.64,183085,C#CCCCn1c(Cc2cc(OC)c(OC)c(OC)c2Cl)nc2c(N)nc(F)nc21
CHEMBL193892,34900.0,=,EC50,4.46,320775,C#CCCCn1c(Sc2ccccc2OC)nc2c(N)ncnc21
CHEMBL371372,5600.0,=,EC50,5.25,320805,C#CCCCn1c(Sc2ccccc2OC(F)(F)F)nc2c(N)ncnc21
CHEMBL190438,85100.0,=,EC50,4.07,321126,C#CCCCn1c(Sc2ccccc2CO)nc2c(N)ncnc21
CHEMBL190439,42200.0,=,EC50,4.38,321127,C#CCCCn1c(Sc2ccccc2Cl)nc2c(N)ncnc21
CHEMBL191241,970.0,=,EC50,6.01,320889,C#CCCCn1c(Sc2cccc(OC)c2)nc2c(N)ncnc21
CHEMBL421647,800.0,=,Kd,6.1,206917,CO[C@H]1/C=C\C=C(/C)C(=O)NC2=CC(=O)C(NCCF)=C(C[C@@H](C)C[C@H](OC)[C@H](O)[C@@H](C)/C=C(\C)[C@@H]1OC(N)=O)C2=O
CHEMBL433670,1400.0,=,Kd,5.85,207012,CO[C@H]1/C=C\C=C(/C)C(=O)NC2=CC(=O)C(N3CCC3)=C(C[C@@H](C)C[C@H](OC)[C@H](O)[C@@H](C)/C=C(\C)[C@@H]1OC(N)=O)C2=O
CHEMBL339231,100.0,=,Kd,7.0,206555,CO[C@H]1/C=C\C=C(/C)C(=O)NC2=CC(=O)C(N)=C(C[C@@H](C)C[C@H](OC)[C@H](O)[C@@H](C)/C=C(\C)[C@@H]1OC(N)=O)C2=O
CHEMBL370404,18000.0,=,Kd,4.75,330786,CO[C@H]1/C=C\C=C(/C)C(=O)NC2=CC(=O)C(NCCN(C)C)=C(C[C@@H](C)C[C@H](OC)[C@H](O)[C@@H](C)/C=C(\C)[C@@H]1OC(=O)NO)C2=O
CHEMBL200102,59.6,=,EC50,7.22,335628,CC(C)NCCCn1c(Sc2cc3c(cc2I)OCO3)nc2c(N)ncnc21
CHEMBL112953,1200.0,=,EC50,5.92,183085,C#CCCCn1c(Cc2cc(OC)c(OC)c(OC)c2Cl)nc2c(N)nc(F)nc21
CHEMBL109480,64.9,=,EC50,7.19,183934,C=CCNC1=C2C[C@@H](C)C[C@H](OC)[C@H](O)[C@@H](C)/C=C(\C)[C@H](OC(N)=O)[C@@H](OC)/C=C\C=C(/C)C(=O)NC(=CC1=O)C2=O
CHEMBL361078,190.0,=,IC50,6.72,312873,Oc1ccc2c(-c3cc(Br)c(O)cc3O)noc2c1
CHEMBL278315,20.0,=,IC50,7.7,25906,COC1=C2C[C@@H](C)C[C@H](OC)[C@H](O)[C@@H](C)/C=C(\C)[C@H](OC(N)=O)[C@@H](OC)/C=C\C=C(/C)C(=O)NC(=CC1=O)C2=O
CHEMBL404630,30.0,=,IC50,7.52,419311,Oc1cc(O)c(-c2noc3ccc(NCCN4CCOCC4)cc23)cc1Cl
CHEMBL254875,40.0,=,IC50,7.4,419309,Oc1cc(O)c(-c2noc3ccc(NCCN4CCOCC4)cc23)cc1Br
CHEMBL402712,800.0,=,IC50,6.1,419308,CN1CCN(c2ccc3onc(-c4cc(Cl)c(O)cc4O)c3c2)CC1
CHEMBL362307,60.0,=,IC50,7.22,312874,Oc1ccc2c(-c3cc(Cl)c(O)cc3O)noc2c1
CHEMBL360410,15200.0,=,IC50,4.82,313143,Oc1ccc(-c2noc3cc(O)ccc23)c(O)c1
CHEMBL454733,13.0,=,Kd,7.89,518363,COc1ccc(-c2snnc2-c2cc(Cl)c(O)cc2O)cc1
CHEMBL517583,6.3,=,Kd,8.2,518364,CCOc1ccc(-c2snnc2-c2cc(Cl)c(O)cc2O)cc1
CHEMBL457042,17.0,=,Kd,7.77,518365,Cc1ccc(-c2snnc2-c2cc(Cl)c(O)cc2O)cc1
CHEMBL515048,34.0,=,Kd,7.47,518366,COc1ccc(-c2snnc2-c2cc(Cl)c(O)cc2O)cc1OC
CHEMBL514748,42.0,=,Kd,7.38,518457,CCOc1ccc(-c2snnc2-c2cc(CC)c(O)cc2O)cc1
CHEMBL109480,200.0,=,Kd,6.7,183934,C=CCNC1=C2C[C@@H](C)C[C@H](OC)[C@H](O)[C@@H](C)/C=C(\C)[C@H](OC(N)=O)[C@@H](OC)/C=C\C=C(/C)C(=O)NC(=CC1=O)C2=O
CHEMBL109480,760.0,=,Kd,6.12,183934,C=CCNC1=C2C[C@@H](C)C[C@H](OC)[C@H](O)[C@@H](C)/C=C(\C)[C@H](OC(N)=O)[C@@H](OC)/C=C\C=C(/C)C(=O)NC(=CC1=O)C2=O
CHEMBL383824,500.0,=,Kd,6.3,330785,CO[C@H]1/C=C\C=C(/C)C(=O)NC2=CC(=O)C(NCCN(C)C)=C(C[C@@H](C)C[C@H](OC)[C@H](O)[C@@H](C)/C=C(\C)[C@@H]1OC(N)=O)C2=O
CHEMBL511618,50.0,=,Kd,7.3,517636,CO[C@H]1CC/C=C(\C)C(=O)Nc2cc(Cl)c(O)c(c2)C[C@@H](C)C[C@H](OC)[C@H](O)[C@@H](C)/C=C(\C)[C@@H]1OC(N)=O
CHEMBL109480,160.0,=,Kd,6.8,183934,C=CCNC1=C2C[C@@H](C)C[C@H](OC)[C@H](O)[C@@H](C)/C=C(\C)[C@H](OC(N)=O)[C@@H](OC)/C=C\C=C(/C)C(=O)NC(=CC1=O)C2=O
CHEMBL383824,87.0,=,Kd,7.06,330785,CO[C@H]1/C=C\C=C(/C)C(=O)NC2=CC(=O)C(NCCN(C)C)=C(C[C@@H](C)C[C@H](OC)[C@H](O)[C@@H](C)/C=C(\C)[C@@H]1OC(N)=O)C2=O
CHEMBL469932,5.4,=,Kd,8.27,517638,CO[C@H]1CC/C=C(\C)C(=O)Nc2cccc(c2)C[C@@H](C)C[C@H](OC)[C@H](O)[C@@H](C)/C=C(\C)[C@@H]1OC(N)=O
CHEMBL512489,0.8,=,Kd,9.1,517639,CO[C@H]1CC/C=C(\C)C(=O)Nc2ccc(O)c(c2)C[C@@H](C)C[C@H](OC)[C@H](O)[C@@H](C)/C=C(\C)[C@@H]1OC(N)=O
CHEMBL511439,2.5,=,Kd,8.6,517866,CO[C@H]1/C=C\C=C(/C)C(=O)Nc2ccc(O)c(c2)C[C@@H](C)C[C@H](OC)[C@H](O)[C@@H](C)/C=C(\C)[C@@H]1OC(N)=O
CHEMBL109480,4.6,=,Ki,8.34,183934,C=CCNC1=C2C[C@@H](C)C[C@H](OC)[C@H](O)[C@@H](C)/C=C(\C)[C@H](OC(N)=O)[C@@H](OC)/C=C\C=C(/C)C(=O)NC(=CC1=O)C2=O
CHEMBL252164,9.0,=,Ki,8.05,419032,CCNC(=O)c1noc(-c2cc(C(C)C)c(O)cc2O)c1-c1ccc(CN2CCOCC2)cc1
CHEMBL252164,7.8,=,IC50,8.11,419032,CCNC(=O)c1noc(-c2cc(C(C)C)c(O)cc2O)c1-c1ccc(CN2CCOCC2)cc1
CHEMBL365159,300.0,=,IC50,6.52,321074,C#CCCCn1c(Sc2cc3c(cc2Br)OCO3)nc2c(N)ncnc21
CHEMBL1213891,1400.0,=,IC50,5.85,685739,C#CCCCCn1c(Sc2cc3c(cc2Br)OCO3)nc2c(N)ncnc21
CHEMBL1213892,650.0,=,IC50,6.19,685740,Nc1ncnc2c1nc(Sc1cc3c(cc1Br)OCO3)n2CCCc1cn(CCOCCOCCOCCOCCOCCn2cc(CCCn3c(Sc4cc5c(cc4Br)OCO5)nc4c(N)ncnc43)nn2)nn1
CHEMBL1213893,5100.0,=,IC50,5.29,685741,Nc1ncnc2c1nc(Sc1cc3c(cc1Br)OCO3)n2CCCCc1cn(CCOCCOCCOCCOCCOCCn2cc(CCCCn3c(Sc4cc5c(cc4Br)OCO5)nc4c(N)ncnc43)nn2)nn1
CHEMBL1213894,790.0,=,IC50,6.1,685742,Nc1ncnc2c1nc(Sc1cc3c(cc1Br)OCO3)n2CCCc1cn(CCOCCOCCOCCOCCOCCOCCn2cc(CCCn3c(Sc4cc5c(cc4Br)OCO5)nc4c(N)ncnc43)nn2)nn1
CHEMBL1213895,3400.0,=,IC50,5.47,685743,Nc1ncnc2c1nc(Sc1cc3c(cc1Br)OCO3)n2CCCCc1cn(CCOCCOCCOCCOCCOCCOCCn2cc(CCCCn3c(Sc4cc5c(cc4Br)OCO5)nc4c(N)ncnc43)nn2)nn1
CHEMBL1213896,1100.0,=,IC50,5.96,685744,Nc1ncnc2c1nc(Sc1cc3c(cc1Br)OCO3)n2CCCc1cn(CCOCCOCCOCCOCCOCCOCCOCCn2cc(CCCn3c(Sc4cc5c(cc4Br)OCO5)nc4c(N)ncnc43)nn2)nn1
CHEMBL1213897,3100.0,=,IC50,5.51,685745,Nc1ncnc2c1nc(Sc1cc3c(cc1Br)OCO3)n2CCCCc1cn(CCOCCOCCOCCOCCOCCOCCOCCn2cc(CCCCn3c(Sc4cc5c(cc4Br)OCO5)nc4c(N)ncnc43)nn2)nn1
CHEMBL1213898,490.0,=,IC50,6.31,685746,Nc1ncnc2c1nc(Sc1cc3c(cc1Br)OCO3)n2CCCc1cn(CCCO)nn1
CHEMBL1213899,510.0,=,IC50,6.29,685747,Nc1ncnc2c1nc(Sc1cc3c(cc1Br)OCO3)n2CCCCc1cn(CCCO)nn1
CHEMBL1575869,6149.0,=,IC50,5.21,999753,CCCCn1c(NC(=O)c2ccccc2Cl)c(C#N)c2nc3ccccc3nc21
CHEMBL1098875,433.36,=,IC50,6.36,627746,O=C1c2cc(F)ccc2-n2c1nc1ccccc1c2=O
CHEMBL1321622,4203.0,=,IC50,5.38,745506,O=C(CN1C(=O)c2ccccc2S1(=O)=O)c1ccccc1Cl
CHEMBL1985165,8052.0,=,IC50,5.09,1306456,CNC(=S)N/N=C/c1ccc(-c2ccc(C(=O)O)cc2)o1
CHEMBL1389427,6823.0,=,IC50,5.17,813311,COc1ccc(-c2cc3c(=O)n(CC(=O)NCCCN4CCC(Cc5ccccc5)CC4)ncn3n2)cc1
CHEMBL1428735,4640.0,=,IC50,5.33,852619,Cc1ccc(C(=O)CN2C(=O)c3ccccc3S2(=O)=O)cc1
CHEMBL1581153,2910.0,=,IC50,5.54,1005037,Cc1nc(NC(=O)/C=C/c2ccccc2)sc1C(=O)Nc1ccccc1Cl
CHEMBL1359004,5130.0,=,IC50,5.29,782888,Cc1ccc2oc(=O)c(/C=C(\O)c3ccco3)nc2c1
CHEMBL1566781,3733.0,=,IC50,5.43,990665,COC(=O)c1ccc(N/C=C/C(=O)c2ccccc2)cc1
CHEMBL1535899,235.15,=,IC50,6.63,959783,Cc1oc(-c2ccc(-c3ccccc3)cc2)nc1CN(C)C1CCOC1
CHEMBL1999630,521.6,=,IC50,6.28,1320921,Cc1ccccc1NC1=C/C(=N\S(=O)(=O)c2ccc(C(=O)O)cc2)c2ccccc2C1=O
CHEMBL1363786,2785.0,=,IC50,5.55,787670,CC1=NN(c2ccccc2)C(=O)/C1=C\N(O)c1ccccc1
CHEMBL1301125,3752.0,=,IC50,5.43,725009,COC(=O)C[C@]1(C(=O)OC)CN(C#N)N(c2ccc(Cl)cc2)C12c1ccccc1-c1ccccc12
CHEMBL3194804,1058.0,=,IC50,5.98,1684095,COc1cc(/C=N/Nc2ccc(Cl)c(C(=O)O)c2)ccc1OC(=O)c1ccccc1F
CHEMBL1506658,1314.0,=,IC50,5.88,930542,C#CCn1cc(/C=C2\NC(=O)NC2=O)c2ccccc21
CHEMBL1386460,11403.0,=,IC50,4.94,810344,COCC(C)n1c(C)cc(C(=O)Cn2nc(C(=O)O)c3ccccc3c2=O)c1C
CHEMBL1982305,524.08,=,IC50,6.28,1303596,Cc1ccc(S(=O)(=O)/N=C2\C=C(Nc3cccc(C(=O)O)c3)C(=O)c3ccccc32)cc1
CHEMBL3197637,1261.0,=,IC50,5.9,1686928,COC(=O)c1ccccc1NC1=C/C(=N\S(=O)(=O)c2ccc(C(=O)O)cc2)c2ccccc2C1=O
CHEMBL574583,3390.0,=,IC50,5.47,575393,Nc1cc(-c2ccccc2)ccc1O
CHEMBL1546535,390.94,=,IC50,6.41,970419,O=C(CSc1ncccc1C(=O)O)c1ccc2ccccc2c1
CHEMBL1998302,967.0,=,IC50,6.01,1319593,O=C(O)c1ccc(NC2=C/C(=N/S(=O)(=O)c3ccccc3)c3ccccc3C2=O)cc1
CHEMBL1525749,7023.0,=,IC50,5.15,949633,C=CCc1ccc(OCc2ccc(C(=O)OC)o2)c(OC)c1
CHEMBL1392762,5853.0,=,IC50,5.23,816646,CCOC(=O)C1CCCN(C(=O)c2sc3nc(-c4ccc(OC)cc4)cn3c2C)C1
CHEMBL1458996,9627.0,=,IC50,5.02,882880,CCOc1ccc(-c2nc(CN3CCCCC3CCn3cccn3)c(C)o2)cc1
CHEMBL1318777,2504.0,=,IC50,5.6,742661,CS(=O)(=O)c1ccc(-c2cn3cc(C(=O)O)ccc3n2)cc1
CHEMBL1335818,1746.0,=,IC50,5.76,759702,Cc1ccc(OCc2ccc(C(=O)O)o2)cc1C
CHEMBL3189714,437.61,=,IC50,6.36,1679005,Cc1ccccc1NC1=C/C(=N\S(=O)(=O)c2cccs2)c2ccccc2C1=O
CHEMBL1349639,313.82,=,IC50,6.5,773523,COC(=O)c1ccccc1OCCCOc1ccc(C=O)cc1OC
CHEMBL1592829,5479.0,=,IC50,5.26,1048713,CCc1ccc(Nc2n[n+](-c3ccccc3)c(-c3ccc(N(CC)CC)cc3)s2)cc1
CHEMBL1583282,684.75,=,IC50,6.16,1007166,Cc1cc(NC(=O)c2coc(=O)c(Br)c2)ccc1C(C)C
CHEMBL1321741,3053.0,=,IC50,5.51,745625,CCOc1ccc(-c2nc(CN(Cc3ccccc3)C[C@@H]3CCC(=O)N3)c(C)o2)cc1
CHEMBL1562575,816.0,=,IC50,6.09,986459,O=C(CN1C(=O)c2ccccc2S1(=O)=O)c1ccc2c(c1)OCCCO2
CHEMBL1491154,3836.0,=,IC50,5.42,915038,Cc1nc(NC(=O)c2ccc(F)cc2)sc1C(=O)Nc1ccc2c(c1)CCC2
CHEMBL3195410,966.0,=,IC50,6.01,1684701,CCc1ccc(S(=O)(=O)/N=C2\C=C(Nc3ccc(C(=O)O)cc3)C(=O)c3ccccc32)cc1
CHEMBL3144973,20942.0,=,IC50,4.68,1634264,Cc1[nH]n(-c2ccccc2)c(=O)c1N=Nc1ccc(C(N)=O)cc1
CHEMBL1514691,10206.0,=,IC50,4.99,938575,O=[N+]([O-])c1ccc(N=Nc2ncc[nH]2)cc1
CHEMBL2003651,638.21,=,IC50,6.2,1324942,O=C(O)c1ccc(S(=O)(=O)/N=C2\C=C(Nc3ccccc3F)C(=O)c3ccccc32)cc1
CHEMBL1407606,4.05,=,IC50,8.39,831490,COC(=O)c1ccccc1OCCCOc1ccc(C)cc1OC
CHEMBL1507355,8088.0,=,IC50,5.09,931239,CC(=O)CSc1ccc(-c2nc3ccccc3[nH]2)cn1
CHEMBL1320096,4305.0,=,IC50,5.37,743980,[O-]/[N+](=C\c1ccco1)c1ccc(Cl)cc1
CHEMBL1535810,5930.0,=,IC50,5.23,959694,Nc1c(-c2ccccc2)cnn1-c1ccc(C(=O)O)cc1
CHEMBL482642,7206.0,=,IC50,5.14,500650,Cc1nc2cc(C(=O)O)ccc2[nH]1
CHEMBL1561767,5166.0,=,IC50,5.29,985651,Cc1ccc2nc(NC(=O)CSCC(=O)OCC(=O)c3ccccc3)sc2c1
CHEMBL1607801,1390.0,=,IC50,5.86,1031685,O=C(CN1C(=O)c2ccccc2S1(=O)=O)c1ccc2c(c1)OCCO2
CHEMBL1567778,23372.0,=,IC50,4.63,991662,Cc1cc(C(=O)Cn2nc(C(=O)O)c3ccccc3c2=O)c(C)n1C
CHEMBL1505173,550.99,=,IC50,6.26,929057,CCc1ccc(OCc2ccc(C(=O)OC)o2)cc1
CHEMBL3198324,1321.0,=,IC50,5.88,1687615,COc1cc(/C=N/Nc2ccc(Cl)c(C(=O)O)c2)ccc1OC(=O)c1cccs1
CHEMBL1343916,2288.0,=,IC50,5.64,767800,CCC(C)c1ccc(OCc2ccc(C(=O)OC)o2)cc1
CHEMBL1403324,35282.0,=,IC50,4.45,827208,O=C(CN1C(=O)c2ccccc2S1(=O)=O)N1CCc2ccccc21
CHEMBL1996724,1612.0,=,IC50,5.79,1318015,CC(=O)Nc1ccc(NC2=C/C(=N/S(=O)(=O)c3cccs3)c3ccccc3C2=O)cc1
CHEMBL2095095,348.06,=,IC50,6.46,1369555,O=C1C(Nc2ccccc2)=C/C(=N/S(=O)(=O)c2cccs2)c2ccccc21
CHEMBL1483857,4567.0,=,IC50,5.34,907741,Cc1cc2ccccc2n1CCNC(=O)c1cccs1
CHEMBL1489355,913.0,=,IC50,6.04,913239,O=S(=O)(Cc1ccccc1)N(O)c1ccccc1
CHEMBL1612112,1606.0,=,IC50,5.79,1035996,C=CCn1c(NS(=O)(=O)c2ccccc2)c(S(=O)(=O)c2ccc(C)cc2)c2nc3ccccc3nc21
CHEMBL1453089,2975.0,=,IC50,5.53,876973,O=[N+]([O-])/C=C/c1ccc2c(ccn2Cc2ccccc2)c1
CHEMBL1380039,3728.0,=,IC50,5.43,803923,COCCn1c(C)cc(C(=O)Cn2nc(C(=O)O)c3ccccc3c2=O)c1C
CHEMBL1425884,8931.0,=,IC50,5.05,849768,O=C(O)c1cccc(N2C(=O)/C(=C/c3nc4ccccc4[nH]3)SC2=S)c1
CHEMBL1378580,5053.0,=,IC50,5.3,802464,Cc1ccc2oc(=O)c(/C=C(\O)c3cccs3)nc2c1
CHEMBL1987894,1283.0,=,IC50,5.89,1309185,CCc1ccc(S(=O)(=O)/N=C2\C=C(Nc3ccc(O)cc3)C(=O)c3ccccc32)cc1
CHEMBL1479424,8374.0,=,IC50,5.08,903308,CC(C)Sc1nc(SCC(=O)NCc2ccco2)c2c3c(sc2n1)COC(C)(C)C3
CHEMBL1490334,6547.0,=,IC50,5.18,914218,CCOC(=O)c1sc(NC(=O)c2ccc(C)o2)nc1C
CHEMBL1977983,791.87,=,IC50,6.1,1299274,COc1cc(/C=N/Nc2ccc(Cl)c(C(=O)O)c2)ccc1OC(=O)c1ccco1
CHEMBL3195965,1504.0,=,IC50,5.82,1685256,COc1ccc(C(=O)Oc2ccc(/C=N/Nc3ccc(Cl)c(C(=O)O)c3)cc2OC)cc1
CHEMBL1969046,919.0,=,IC50,6.04,1290337,Cc1ccc(S(=O)(=O)/N=C2\C=C(Nc3cccc(C(=O)O)c3)C(=O)c3ccccc32)c(C)c1
CHEMBL1410147,827.0,=,IC50,6.08,834031,O=P(Nc1nccs1)(c1ccccc1)c1nc2ccccc2s1
CHEMBL1468337,469.18,=,IC50,6.33,892221,CC(C)(C)c1ccc(C(=O)c2c[nH]c(C(=O)O)c2)cc1
CHEMBL1323055,12072.0,=,IC50,4.92,746939,Cc1nc(CS(=O)(=O)c2ccc(Cl)cc2)sc1C(=O)O
CHEMBL1613374,3583.0,=,IC50,5.45,1037258,C=CCOC(=O)c1sc(NC(=O)c2ccc(OC)cc2)nc1C
CHEMBL1457670,1054.0,=,IC50,5.98,881554,COC(=O)C1CCN(C(=O)c2ccc3nc(-c4cccc(OC)c4)oc3c2)CC1
CHEMBL1346332,4795.0,=,IC50,5.32,770216,O=[N+]([O-])c1ccc(S(=O)(=O)N2CCN=C2SCc2ccc(F)cc2)cc1
CHEMBL1432707,3214.0,=,IC50,5.49,856591,COC(=O)c1cc(C)nc2c1C(=O)C(=O)C=C2N1CCOCC1
CHEMBL3196203,5721.0,=,IC50,5.24,1685494,O=C(O)c1cc(N/N=C/c2cccnc2)ccc1Cl
CHEMBL1310221,321.92,=,IC50,6.49,734105,CCOC(=O)C1=C(c2ccc(OC)cc2)C(=O)c2ccccc2C1=O
CHEMBL1462497,2392.0,=,IC50,5.62,886381,C=CCOc1c(CNc2cccc(C(=O)O)c2)cccc1OC
CHEMBL1360123,29088.0,=,IC50,4.54,784007,O=C(Cc1ccccc1)N1CCN(S(=O)(=O)c2ccc([N+](=O)[O-])cc2)CC1
CHEMBL2000517,656.4,=,IC50,6.18,1321808,O=C1C(Nc2ccc(O)cc2)=C/C(=N/S(=O)(=O)c2cccs2)c2ccccc21
CHEMBL1442683,2609.0,=,IC50,5.58,866567,O=C(OCc1ccccn1)c1ccc(COc2ccc3ccccc3c2)o1
CHEMBL1567471,9851.0,=,IC50,5.01,991355,O=C(O)c1cccc(NC(S)=NC(NC(=O)c2cccc([N+](=O)[O-])c2)C(Cl)(Cl)Cl)c1
CHEMBL1438346,5309.0,=,IC50,5.28,862230,CC(=O)Oc1ccccc1/C=C/c1nc2ccccc2c(=O)o1
CHEMBL3190880,926.0,=,IC50,6.03,1680171,CCc1ccc(S(=O)(=O)/N=C2\C=C(Nc3cccc(C(=O)O)c3)C(=O)c3ccccc32)cc1
CHEMBL3209766,1961.0,=,IC50,5.71,1699057,COc1ccc(N(/N=C2\Sc3ccccc3C2=O)C(C)=O)cc1
CHEMBL1530789,2520.0,=,IC50,5.6,954673,Cc1cc2ccccc2n1CCNC(=O)c1ccccc1
CHEMBL1376094,1072.0,=,IC50,5.97,799978,COC(=O)c1ccc(COc2ccc3c(C)c(C)c(=O)oc3c2)o1
CHEMBL1327234,1596.0,=,IC50,5.8,751118,Cc1c(-c2nc(-c3ccc(C(F)(F)F)cc3)no2)n(C)oc1=O
CHEMBL1304017,657.61,=,IC50,6.18,727901,COc1ccccc1NC(=O)c1coc(=O)c(Br)c1
CHEMBL1311354,2733.0,=,IC50,5.56,735238,O=c1oc2ccc(Cl)cc2nc1/C=C(\O)c1ccco1
CHEMBL1310341,2446.0,=,IC50,5.61,734225,CCCCOc1ccc(-c2cc(C(=O)NN=C(S)NCC)c3ccccc3n2)cc1
CHEMBL1392292,2200.0,=,IC50,5.66,816176,O=c1oc2ccc(Cl)cc2nc1/C=C(\O)c1cccs1
CHEMBL1546905,784.24,=,IC50,6.11,970789,CCOC(=O)c1csc(NC(=O)c2cc3ccccc3o2)n1
CHEMBL1503659,8006.0,=,IC50,5.1,927543,CC1CCN(c2ccc(-c3cccc(NC(=O)C(F)(F)F)c3)nn2)CC1
CHEMBL1508721,8030.0,=,IC50,5.09,932605,CCOC(=O)c1csc(COc2ccc(OC)cc2)n1
CHEMBL1521872,728.49,=,IC50,6.14,945756,Cc1cc(NO)nc(-c2ccc(Br)cc2)n1
CHEMBL1430889,3749.0,=,IC50,5.43,854773,CC(=O)Nc1ccc(OS(=O)(=O)c2ccc([N+](=O)[O-])cc2)cc1
CHEMBL1451365,904.0,=,IC50,6.04,875249,CCCc1ccc(OCc2ccc(C(=O)N3CCSCC3)o2)cc1
CHEMBL1593722,3286.0,=,IC50,5.48,1017606,COc1ccc(/C=C/c2noc(-c3ccccc3OC(C)=O)n2)cc1
CHEMBL3145193,4400.0,=,IC50,5.36,1634484,CC(=O)c1ccc(N=Nc2c(C)[nH]n(-c3ccccc3)c2=O)cc1
CHEMBL1452159,17786.0,=,IC50,4.75,876043,Cc1ccc(/C=C2\SC(=S)N(CCCC(=O)Nc3ccccn3)C2=O)cc1
CHEMBL1603549,4531.0,=,IC50,5.34,1027433,CCN(CC)c1ccc(SS(=O)(=O)O)cc1
CHEMBL1412954,2133.0,=,IC50,5.67,836838,CCC(=O)Nc1ccccc1C(=O)OCC(=O)c1ccccc1
CHEMBL1320669,105.94,=,IC50,6.97,744553,CC(=O)Nc1ccccc1OCC(=O)c1cc(C)n(Cc2cccs2)c1C
CHEMBL1562186,8620.0,=,IC50,5.06,986070,Cc1cc(C)c2nc(N3CCC(C(=O)NCCCN4CC(C)CC(C)C4)CC3)sc2c1
CHEMBL1562712,7324.0,=,IC50,5.13,986596,COc1cc(/C=C/[N+](=O)[O-])ccc1OCc1cccc(C(=O)O)c1
CHEMBL3196762,874.0,=,IC50,6.06,1686053,COc1cc(/C=N/Nc2ccc(Cl)c(C(=O)O)c2)ccc1OC(=O)c1ccc(F)cc1
CHEMBL1536318,3822.0,=,IC50,5.42,960202,COC(=O)c1ccc2nc(NC(=O)C3CC3)sc2c1
CHEMBL1408913,10764.0,=,IC50,4.97,832797,Cc1ccc(C(=O)CSc2ccccc2C(=O)O)cc1
CHEMBL1330033,9385.0,=,IC50,5.03,753917,CC(=O)CSc1nnc(-c2ccc3c(c2)OCO3)o1
CHEMBL1454886,6625.0,=,IC50,5.18,878770,CC(=O)Oc1ccc(Nc2ccccc2)cc1
CHEMBL1300605,10262.0,=,IC50,4.99,724489,CCOC(=O)c1ccc(-c2ccc(C=O)o2)cc1
CHEMBL1545123,880.0,=,IC50,6.06,969007,CCOC(=O)c1csc(NC(=O)c2ccc(OCC)cc2)n1
CHEMBL1394002,326.77,=,IC50,6.49,817886,COc1ccc(-c2cn3c(C)c(C(=O)Nc4cccc(C)n4)sc3n2)cc1
CHEMBL1308342,6252.0,=,IC50,5.2,732226,CN(C)c1ccc(C2Nc3cccc4cccc(c34)N2)cc1
CHEMBL1325440,1650.0,=,IC50,5.78,749324,Cc1ccc(/C=C2/C(=O)c3ccc(C(=O)O)cc3C2=O)o1
CHEMBL3197091,1677.0,=,IC50,5.78,1686382,Cc1cc(C)c(S(=O)(=O)/N=C2\C=C(Nc3ccc(C(=O)O)cc3)C(=O)c3ccccc32)c(C)c1
CHEMBL1495525,16748.0,=,IC50,4.78,919409,COC(=O)NCCOC(=O)N(O)c1ccc(Br)cc1
CHEMBL1416159,1231.0,=,IC50,5.91,840043,CCOC(=O)c1csc(NC(=O)c2ccc3c(c2)OCCO3)n1
CHEMBL1384677,5444.0,=,IC50,5.26,808561,Cc1cccc(N(O)C(=O)Nc2cccc(Cl)c2)c1
CHEMBL1393965,6399.0,=,IC50,5.19,817849,Cc1nc(NC(=O)c2cccc(Cl)c2)sc1C(=O)N1CCCCC1
CHEMBL1418208,4898.0,=,IC50,5.31,842092,COc1ccccc1Nc1nn2c(=O)c3ccc(C(=O)NCc4cccnc4)cc3nc2s1
CHEMBL1521861,2388.0,=,IC50,5.62,945745,COc1cccc(-c2cc3nc4c(c(NCC(C)(C)CN(C)C)n3n2)CCCC4)c1
CHEMBL278315,40.0,=,IC50,7.4,25906,COC1=C2C[C@@H](C)C[C@H](OC)[C@H](O)[C@@H](C)/C=C(\C)[C@H](OC(N)=O)[C@@H](OC)/C=C\C=C(/C)C(=O)NC(=CC1=O)C2=O
CHEMBL1760598,400.0,=,IC50,6.4,1137872,Cc1c2c(n3c1CCNCCCNc1cc-3ccc1C(N)=O)CC(C)(C)CC2=O
CHEMBL1760599,12440.0,=,IC50,4.91,1137873,Cc1c2c(n3c1CCNCCNc1cc-3ccc1C(N)=O)CC(C)(C)CC2=O
CHEMBL1760600,290.0,=,IC50,6.54,1137874,Cc1c2c(n3c1CCCNCC(C)(C)CNc1cc-3ccc1C(N)=O)CC(C)(C)CC2=O
CHEMBL1760601,140.0,=,IC50,6.85,1137875,Cc1c2c(n3c1CCCNC(C)(C)CNc1cc-3ccc1C(N)=O)CC(C)(C)CC2=O
CHEMBL1760602,920.0,=,IC50,6.04,1137876,Cc1c2c(n3c1CCCNCCNc1cc-3ccc1C(N)=O)CC(C)(C)CC2=O
CHEMBL1738703,110.0,=,IC50,6.96,1117750,Cc1c2c(n3c1CCCNC[C@H](C)Nc1cc-3ccc1C(N)=O)CC(C)(C)CC2=O
CHEMBL1760603,210.0,=,IC50,6.68,1137877,Cc1c2c(n3c1CCNCC[C@H](C)Nc1cc-3ccc1C(N)=O)CC(C)(C)CC2=O
CHEMBL1760604,830.0,=,IC50,6.08,1137878,Cc1c2c(n3c1CCCNCC(C)(C)Nc1cc-3ccc1C(N)=O)CC(C)(C)CC2=O
CHEMBL1760605,360.0,=,IC50,6.44,1137879,Cc1c2c(n3c1CCNCC(C)CNc1cc-3ccc1C(N)=O)CC(C)(C)CC2=O
CHEMBL1760606,320.0,=,IC50,6.5,1137880,Cc1c2c(n3c1CCNCC(O)CNc1cc-3ccc1C(N)=O)CC(C)(C)CC2=O
CHEMBL1760607,570.0,=,IC50,6.24,1137881,Cc1c2c(n3c1CCNCCOCCNc1cc-3ccc1C(N)=O)CC(C)(C)CC2=O
CHEMBL1760610,1240.0,=,IC50,5.91,1137884,Cc1c2c(n3c1CCC(C)NCCNc1cc-3ccc1C(N)=O)CC(C)(C)CC2=O
CHEMBL1760611,90.0,=,IC50,7.05,1137885,Cc1c2c(n3c1CC[C@@H](C)N[C@H](C)CNc1cc-3ccc1C(N)=O)CC(C)(C)CC2=O
CHEMBL1760612,430.0,=,IC50,6.37,1137886,Cc1c2c(n3c1CC[C@H](C)N[C@H](C)CNc1cc-3ccc1C(N)=O)CC(C)(C)CC2=O
CHEMBL1760613,150.0,=,IC50,6.82,1137887,Cc1c2c(n3c1CCCN(C)C[C@H](C)Nc1cc-3ccc1C(N)=O)CC(C)(C)CC2=O
CHEMBL1760614,110.0,=,IC50,6.96,1137888,CC(=O)N1CCc2c(C)c3c(n2-c2ccc(C(N)=O)c(c2)N[C@@H](C)CC1)CC(C)(C)CC3=O
CHEMBL1236713,1200.0,=,Ki,5.92,699063,COc1ccccc1-c1cc(Cl)nc(N)n1
CHEMBL1774832,8300.0,=,Ki,5.08,1145883,COc1ccccc1-c1cc(C)nc(N)n1
CHEMBL1774833,700.0,=,Ki,6.16,1145884,COc1cccc(Cl)c1-c1cc(C)nc(N)n1
CHEMBL1774834,1400.0,=,Ki,5.85,1145885,Cc1cc(-c2c(O)cccc2Cl)nc(N)n1
CHEMBL1738804,130.0,=,Ki,6.89,1117851,Cc1cc(-c2c(Cl)cccc2OCCCC(F)(F)F)nc(N)n1
CHEMBL1774835,50.0,=,Ki,7.3,1145886,Cc1cc(-c2c(Cl)cc(Cl)cc2OCCCC(F)(F)F)nc(N)n1
CHEMBL383824,680.0,=,Ki,6.17,330785,CO[C@H]1/C=C\C=C(/C)C(=O)NC2=CC(=O)C(NCCN(C)C)=C(C[C@@H](C)C[C@H](OC)[C@H](O)[C@@H](C)/C=C(\C)[C@@H]1OC(N)=O)C2=O
CHEMBL1774905,26.0,=,Ki,7.58,1145957,CCNC(=O)N1Cc2nc(N)nc(-c3c(Cl)cc(Cl)cc3OCCCC(F)(F)F)c2C1
CHEMBL1774906,38.0,=,Ki,7.42,1145958,N#CCCNC(=O)N1Cc2nc(N)nc(-c3c(Cl)cc(Cl)cc3OCCCC(F)(F)F)c2C1
CHEMBL1774907,21.0,=,Ki,7.68,1145959,CC(C)NC(=O)N1Cc2nc(N)nc(-c3c(Cl)cc(Cl)cc3OCCCC(F)(F)F)c2C1
CHEMBL1774908,18.0,=,Ki,7.75,1145960,Nc1nc2c(c(-c3c(Cl)cc(Cl)cc3OCCCC(F)(F)F)n1)CN(C(=O)NC1CC1)C2
CHEMBL1738803,7.0,=,Ki,8.15,1117850,Nc1nc2c(c(-c3c(Cl)cc(Cl)cc3OCCCC(F)(F)F)n1)CN(C(=O)NC1CCC1)C2
CHEMBL1774909,110.0,=,Ki,6.96,1145961,CCCOc1cc(Cl)cc(Cl)c1-c1nc(N)nc2c1CN(C(=O)NC1CCC1)C2
CHEMBL1774910,7.0,=,Ki,8.15,1145962,Nc1nc2c(c(-c3c(Cl)cc(Cl)cc3OCCc3ccccc3)n1)CN(C(=O)NC1CCC1)C2
CHEMBL1774911,27.0,=,Ki,7.57,1145963,Nc1nc2c(c(-c3c(Cl)cc(Cl)cc3OCCc3ccccn3)n1)CN(C(=O)NC1CCC1)C2
CHEMBL1774912,40.0,=,Ki,7.4,1145964,N#CCCCOc1cc(Cl)cc(Cl)c1-c1nc(N)nc2c1CN(C(=O)NC1CCC1)C2
CHEMBL1774913,300.0,=,Ki,6.52,1145965,CC(C)(C#N)CCOc1cc(Cl)cc(Cl)c1-c1nc(N)nc2c1CN(C(=O)NC1CCC1)C2
CHEMBL1774914,190.0,=,Ki,6.72,1145966,Nc1nc2c(c(-c3c(Cl)cc(Cl)cc3OCCCO)n1)CN(C(=O)NC1CCC1)C2
CHEMBL1774915,120.0,=,Ki,6.92,1145967,COCCOc1cc(Cl)cc(Cl)c1-c1nc(N)nc2c1CN(C(=O)NC1CCC1)C2
CHEMBL1774916,16.0,=,Ki,7.8,1145968,Nc1nc2c(c(-c3c(Cl)cc(Cl)cc3OCCN3CC(F)(F)C3)n1)CN(C(=O)NC1CCC1)C2
CHEMBL1774917,250.0,=,Ki,6.6,1145969,CCNCCOc1cc(Cl)cc(Cl)c1-c1nc(N)nc2c1CN(C(=O)NC1CCC1)C2
CHEMBL1774918,7.0,=,Ki,8.15,1145970,Nc1nc2c(c(-c3c(Cl)cc(Cl)cc3OCCn3cccn3)n1)CN(C(=O)NC1CCC1)C2
CHEMBL1774919,35.0,=,Ki,7.46,1145971,NC(=O)N1Cc2nc(N)nc(-c3c(Cl)cc(Cl)cc3OCCn3cccn3)c2C1
CHEMBL1774920,20.0,=,Ki,7.7,1145972,CNC(=O)N1Cc2nc(N)nc(-c3c(Cl)cc(Cl)cc3OCCn3cccn3)c2C1
CHEMBL1774921,13.0,=,Ki,7.89,1145973,CCNC(=O)N1Cc2nc(N)nc(-c3c(Cl)cc(Cl)cc3OCCn3cccn3)c2C1
CHEMBL1774922,12.0,=,Ki,7.92,1145974,Nc1nc2c(c(-c3c(Cl)cc(Cl)cc3OCCn3cccn3)n1)CN(C(=O)NC1CC1)C2
CHEMBL1774923,9.0,=,Ki,8.05,1145975,Nc1nc2c(c(-c3c(Cl)cc(Cl)cc3OCCn3cccn3)n1)CN(C(=O)NC1CC(F)(F)C1)C2
CHEMBL1774924,6.0,=,Ki,8.22,1145976,Nc1nc2c(c(-c3c(Cl)cc(Cl)cc3OCCn3cccn3)n1)CN(C(=O)NC13CC(C1)C3)C2
CHEMBL1774925,9.0,=,Ki,8.05,1145977,Nc1nc2c(c(-c3c(Cl)cc(Cl)cc3OCCn3cccn3)n1)CN(C(=O)NCC(F)F)C2
CHEMBL1774926,7.0,=,Ki,8.15,1145978,Nc1nc2c(c(-c3c(Cl)cc(Cl)cc3OCCn3cccn3)n1)CN(C(=O)NCC(F)(F)F)C2
CHEMBL1738805,11.0,=,Ki,7.96,1117852,CC(F)(F)CNC(=O)N1Cc2nc(N)nc(-c3c(Cl)cc(Cl)cc3OCCn3cccn3)c2C1
CHEMBL1778208,82.0,=,IC50,7.09,1146668,Cc1c2c(n3c1CCCNC(=O)[C@H](C)Nc1cc-3ccc1C(N)=O)CC(C)(C)CC2=O
CHEMBL1738705,96.0,=,IC50,7.02,1117752,Cc1c2c(n3c1CCCN1CCC[C@@H]1CNc1cc-3ccc1C(N)=O)CC(C)(C)CC2=O
CHEMBL1779531,1037.0,=,IC50,5.98,1148005,Cc1c2c(n3c1CCCN1CCC[C@H]1CNc1cc-3ccc1C(N)=O)CC(C)(C)CC2=O
CHEMBL1779532,126.0,=,IC50,6.9,1148006,Cc1c2c(n3c1CCCN1CCCC[C@@H]1CNc1cc-3ccc1C(N)=O)CC(C)(C)CC2=O
CHEMBL1779533,96.0,=,IC50,7.02,1148007,Cc1c2c(n3c1CCCN1CCOC[C@@H]1CNc1cc-3ccc1C(N)=O)CC(C)(C)CC2=O
CHEMBL1779534,3324.0,=,IC50,5.48,1148008,Cc1c2c(n3c1CCCN1CCNC[C@H]1CNc1cc-3ccc1C(N)=O)CC(C)(C)CC2=O
CHEMBL1779535,106.0,=,IC50,6.97,1148009,CC(=O)N1CCN2CCCc3c(C)c4c(n3-c3ccc(C(N)=O)c(c3)NC[C@H]2C1)CC(C)(C)CC4=O
CHEMBL1779536,201.0,=,IC50,6.7,1148010,Cc1c2c(n3c1CCCN1CC[C@H](CNc4cc-3ccc4C(N)=O)C1)CC(C)(C)CC2=O
CHEMBL1779538,153.0,=,IC50,6.82,1148012,Cc1c2c(n3c1CCCN1C[C@H](O)C[C@@H]1CNc1cc-3ccc1C(N)=O)CC(C)(C)CC2=O
CHEMBL1779539,61.0,=,IC50,7.21,1148013,Cc1c2c(n3c1CCCN1C[C@@H](F)C[C@@H]1CNc1cc-3ccc1C(N)=O)CC(C)(C)CC2=O
CHEMBL1779540,634.0,=,IC50,6.2,1148014,CC(=O)N[C@H]1C[C@@H]2CNc3cc(ccc3C(N)=O)-n3c(c(C)c4c3CC(C)(C)CC4=O)CCCN2C1
CHEMBL1779541,496.0,=,IC50,6.3,1148015,Cc1c2c(n3c1CCCN1C[C@@H](N4CCCC4)C[C@@H]1CNc1cc-3ccc1C(N)=O)CC(C)(C)CC2=O
CHEMBL1779542,883.0,=,IC50,6.05,1148016,Cc1c2c(n3c1CCN1CCC[C@@H]1CNc1cc-3ccc1C(N)=O)CC(C)(C)CC2=O
CHEMBL1779543,301.0,=,IC50,6.52,1148017,Cc1c2c(n3c1CCCCN1CCC[C@@H]1CNc1cc-3ccc1C(N)=O)CC(C)(C)CC2=O
CHEMBL1779544,188.0,=,IC50,6.73,1148018,Cc1c2c(n3c1CCC(=O)N1CCC[C@@H]1CNc1cc-3ccc1C(N)=O)CC(C)(C)CC2=O
CHEMBL1779545,170.0,=,IC50,6.77,1148019,Cc1c2c(n3c1CCCN1CCCC[C@@H]1[C@H](C)Nc1cc-3ccc1C(N)=O)CC(C)(C)CC2=O
CHEMBL1779546,982.0,=,IC50,6.01,1148020,Cc1c2c(n3c1CCCN1CC[C@@H](C1)Nc1cc-3ccc1C(N)=O)CC(C)(C)CC2=O
CHEMBL1779547,78.0,=,IC50,7.11,1148021,Cc1c2c(n3c1CCCN1CCC[C@@H](C1)Nc1cc-3ccc1C(N)=O)CC(C)(C)CC2=O
CHEMBL384903,3320.0,=,IC50,5.48,369183,O=c1[nH]c2cc(C(F)(F)F)ccc2n1-c1cc(C(F)(F)F)ccc1O
CHEMBL1802334,2320.0,=,IC50,5.63,1163418,O=c1[nH]c2ccccc2n1-c1cc(C(F)(F)F)ccc1O
CHEMBL1802335,220.0,=,IC50,6.66,1163419,O=c1[nH]c2ccccc2n1-c1ccc(O)cc1O
CHEMBL1802336,34900.0,=,IC50,4.46,1163420,O=c1[nH]c2ccccc2n1-c1cc(O)ccc1O
CHEMBL1802337,54.0,=,IC50,7.27,1163421,O=c1[nH]c2ccccc2n1-c1cc(Cl)c(O)cc1O
CHEMBL1802338,2530.0,=,IC50,5.6,1163422,O=c1[nH]c2ccccc2n1-c1cc(O)c(Cl)cc1O
CHEMBL109480,20.0,=,IC50,7.7,183934,C=CCNC1=C2C[C@@H](C)C[C@H](OC)[C@H](O)[C@@H](C)/C=C(\C)[C@H](OC(N)=O)[C@@H](OC)/C=C\C=C(/C)C(=O)NC(=CC1=O)C2=O
CHEMBL414883,16.0,=,IC50,7.8,136087,C[C@@H]1C[C@H]2O[C@@H]2/C=C\C=C\C(=O)Cc2c(Cl)c(O)cc(O)c2C(=O)O1
CHEMBL365617,19.0,=,IC50,7.72,317497,CCNC(=O)c1n[nH]c(-c2cc(Cl)c(O)cc2O)c1-c1ccc(OC)cc1
CHEMBL1801572,40.0,=,IC50,7.4,1162648,CC(=O)NCc1ccc2c(c1)[nH]c(=O)n2-c1cc(Cl)c(O)cc1O
CHEMBL1801573,72.0,=,IC50,7.14,1162649,O=C(NCc1ccc2c(c1)[nH]c(=O)n2-c1cc(Cl)c(O)cc1O)c1ccccc1
CHEMBL1801574,50.0,=,IC50,7.3,1162650,CS(=O)(=O)NCc1ccc2c(c1)[nH]c(=O)n2-c1cc(Cl)c(O)cc1O
CHEMBL1801575,33.0,=,IC50,7.48,1162651,CCNC(=O)NCc1ccc2c(c1)[nH]c(=O)n2-c1cc(Cl)c(O)cc1O
CHEMBL1801576,60.0,=,IC50,7.22,1162652,O=C(NCc1ccc2c(c1)[nH]c(=O)n2-c1cc(Cl)c(O)cc1O)Nc1ccccc1
CHEMBL1801577,27.0,=,IC50,7.57,1162653,O=c1[nH]c2cc(CNS(=O)(=O)c3ccccc3)ccc2n1-c1cc(Cl)c(O)cc1O
CHEMBL1801578,30.0,=,IC50,7.52,1162654,O=c1[nH]c2cc(CNS(=O)(=O)c3cccc4ccccc34)ccc2n1-c1cc(Cl)c(O)cc1O
CHEMBL1801579,47.0,=,IC50,7.33,1162655,O=c1[nH]c2cc(CNS(=O)(=O)c3ccc4ccccc4c3)ccc2n1-c1cc(Cl)c(O)cc1O
CHEMBL384903,81000.0,=,IC50,4.09,369183,O=c1[nH]c2cc(C(F)(F)F)ccc2n1-c1cc(C(F)(F)F)ccc1O
CHEMBL1802335,85000.0,=,IC50,4.07,1163419,O=c1[nH]c2ccccc2n1-c1ccc(O)cc1O
CHEMBL1802337,15200.0,=,IC50,4.82,1163421,O=c1[nH]c2ccccc2n1-c1cc(Cl)c(O)cc1O
CHEMBL109480,9800.0,=,IC50,5.01,183934,C=CCNC1=C2C[C@@H](C)C[C@H](OC)[C@H](O)[C@@H](C)/C=C(\C)[C@H](OC(N)=O)[C@@H](OC)/C=C\C=C(/C)C(=O)NC(=CC1=O)C2=O
CHEMBL414883,530.0,=,IC50,6.28,136087,C[C@@H]1C[C@H]2O[C@@H]2/C=C\C=C\C(=O)Cc2c(Cl)c(O)cc(O)c2C(=O)O1
CHEMBL365617,880.0,=,IC50,6.06,317497,CCNC(=O)c1n[nH]c(-c2cc(Cl)c(O)cc2O)c1-c1ccc(OC)cc1
CHEMBL1801572,24800.0,=,IC50,4.61,1162648,CC(=O)NCc1ccc2c(c1)[nH]c(=O)n2-c1cc(Cl)c(O)cc1O
CHEMBL1801573,22900.0,=,IC50,4.64,1162649,O=C(NCc1ccc2c(c1)[nH]c(=O)n2-c1cc(Cl)c(O)cc1O)c1ccccc1
CHEMBL1801574,25200.0,=,IC50,4.6,1162650,CS(=O)(=O)NCc1ccc2c(c1)[nH]c(=O)n2-c1cc(Cl)c(O)cc1O
CHEMBL1801575,14200.0,=,IC50,4.85,1162651,CCNC(=O)NCc1ccc2c(c1)[nH]c(=O)n2-c1cc(Cl)c(O)cc1O
CHEMBL1801576,15400.0,=,IC50,4.81,1162652,O=C(NCc1ccc2c(c1)[nH]c(=O)n2-c1cc(Cl)c(O)cc1O)Nc1ccccc1
CHEMBL1801577,3420.0,=,IC50,5.47,1162653,O=c1[nH]c2cc(CNS(=O)(=O)c3ccccc3)ccc2n1-c1cc(Cl)c(O)cc1O
CHEMBL1801578,550.0,=,IC50,6.26,1162654,O=c1[nH]c2cc(CNS(=O)(=O)c3cccc4ccccc34)ccc2n1-c1cc(Cl)c(O)cc1O
CHEMBL1801579,1140.0,=,IC50,5.94,1162655,O=c1[nH]c2cc(CNS(=O)(=O)c3ccc4ccccc4c3)ccc2n1-c1cc(Cl)c(O)cc1O
CHEMBL109480,120.0,=,EC50,6.92,183934,C=CCNC1=C2C[C@@H](C)C[C@H](OC)[C@H](O)[C@@H](C)/C=C(\C)[C@H](OC(N)=O)[C@@H](OC)/C=C\C=C(/C)C(=O)NC(=CC1=O)C2=O
CHEMBL1801578,190.0,=,EC50,6.72,1162654,O=c1[nH]c2cc(CNS(=O)(=O)c3cccc4ccccc34)ccc2n1-c1cc(Cl)c(O)cc1O
CHEMBL109480,100.0,<,EC50,,183934,C=CCNC1=C2C[C@@H](C)C[C@H](OC)[C@H](O)[C@@H](C)/C=C(\C)[C@H](OC(N)=O)[C@@H](OC)/C=C\C=C(/C)C(=O)NC(=CC1=O)C2=O
CHEMBL1801578,100.0,<,EC50,,1162654,O=c1[nH]c2cc(CNS(=O)(=O)c3cccc4ccccc34)ccc2n1-c1cc(Cl)c(O)cc1O
CHEMBL109480,60.0,=,EC50,7.22,183934,C=CCNC1=C2C[C@@H](C)C[C@H](OC)[C@H](O)[C@@H](C)/C=C(\C)[C@H](OC(N)=O)[C@@H](OC)/C=C\C=C(/C)C(=O)NC(=CC1=O)C2=O
CHEMBL1801578,60.0,=,EC50,7.22,1162654,O=c1[nH]c2cc(CNS(=O)(=O)c3cccc4ccccc34)ccc2n1-c1cc(Cl)c(O)cc1O
CHEMBL365617,210.0,=,EC50,6.68,317497,CCNC(=O)c1n[nH]c(-c2cc(Cl)c(O)cc2O)c1-c1ccc(OC)cc1
CHEMBL365617,350.0,=,EC50,6.46,317497,CCNC(=O)c1n[nH]c(-c2cc(Cl)c(O)cc2O)c1-c1ccc(OC)cc1
CHEMBL365617,500.0,=,EC50,6.3,317497,CCNC(=O)c1n[nH]c(-c2cc(Cl)c(O)cc2O)c1-c1ccc(OC)cc1
CHEMBL1807790,82.0,=,IC50,7.09,1165478,Cc1c2c(n3c1CCCN[C@@H](C)[C@H](C)Nc1cc-3ccc1C(N)=O)CC(C)(C)CC2=O
CHEMBL1807791,64.0,=,IC50,7.19,1165479,Cc1c2c(n3c1CCNC[C@@H](C)[C@H](C)Nc1cc-3ccc1C(N)=O)CC(C)(C)CC2=O
CHEMBL1807792,116.0,=,IC50,6.94,1165480,Cc1c2c(n3c1CCCN(C)[C@@H](C)[C@H](C)Nc1cc-3ccc1C(N)=O)CC(C)(C)CC2=O
CHEMBL1807793,88.0,=,IC50,7.06,1165481,Cc1c2c(n3c1CCN(C)C[C@@H](C)[C@H](C)Nc1cc-3ccc1C(N)=O)CC(C)(C)CC2=O
CHEMBL1807794,142.0,=,IC50,6.85,1165482,Cc1c2c(n3c1CCCN(CCO)[C@@H](C)[C@H](C)Nc1cc-3ccc1C(N)=O)CC(C)(C)CC2=O
CHEMBL1807795,84.0,=,IC50,7.08,1165483,Cc1c2c(n3c1CCN(CCO)C[C@@H](C)[C@H](C)Nc1cc-3ccc1C(N)=O)CC(C)(C)CC2=O
CHEMBL1807796,85.0,=,IC50,7.07,1165484,CC(=O)N1CCCc2c(C)c3c(n2-c2ccc(C(N)=O)c(c2)N[C@@H](C)[C@@H]1C)CC(C)(C)CC3=O
CHEMBL1807797,58.0,=,IC50,7.24,1165485,CC(=O)N1CCc2c(C)c3c(n2-c2ccc(C(N)=O)c(c2)N[C@@H](C)[C@H](C)C1)CC(C)(C)CC3=O
CHEMBL1807798,81.0,=,IC50,7.09,1165486,Cc1c2c(n3c1CCCN(C(=O)CN)[C@@H](C)[C@H](C)Nc1cc-3ccc1C(N)=O)CC(C)(C)CC2=O
CHEMBL1807799,74.0,=,IC50,7.13,1165487,Cc1c2c(n3c1CCN(C(=O)CN)C[C@@H](C)[C@H](C)Nc1cc-3ccc1C(N)=O)CC(C)(C)CC2=O
CHEMBL1807800,77.0,=,IC50,7.11,1165488,Cc1c2c(n3c1CCCN(C(=O)CO)[C@@H](C)[C@H](C)Nc1cc-3ccc1C(N)=O)CC(C)(C)CC2=O
CHEMBL1807801,66.0,=,IC50,7.18,1165489,Cc1c2c(n3c1CCN(C(=O)CO)C[C@@H](C)[C@H](C)Nc1cc-3ccc1C(N)=O)CC(C)(C)CC2=O
CHEMBL1807802,131.0,=,IC50,6.88,1165490,COCCC(=O)N1CCCc2c(C)c3c(n2-c2ccc(C(N)=O)c(c2)N[C@@H](C)[C@@H]1C)CC(C)(C)CC3=O
CHEMBL1807803,83.0,=,IC50,7.08,1165491,COCCC(=O)N1CCc2c(C)c3c(n2-c2ccc(C(N)=O)c(c2)N[C@@H](C)[C@H](C)C1)CC(C)(C)CC3=O
CHEMBL1778194,145.0,=,IC50,6.84,1146654,Cc1c2c(n3c1CCN(C(=O)[C@H](C)N)CC[C@H](C)Nc1cc-3ccc1C(N)=O)CC(C)(C)CC2=O
CHEMBL1779531,96.0,=,IC50,7.02,1148005,Cc1c2c(n3c1CCCN1CCC[C@H]1CNc1cc-3ccc1C(N)=O)CC(C)(C)CC2=O
CHEMBL1807804,83.0,=,IC50,7.08,1165492,Cc1c2c(n3c1CCN(C(=O)[C@H](C)N)C[C@@H](C)[C@H](C)Nc1cc-3ccc1C(N)=O)CC(C)(C)CC2=O
CHEMBL1807805,65.0,=,IC50,7.19,1165493,CC[C@H](N)C(=O)N1CCc2c(C)c3c(n2-c2ccc(C(N)=O)c(c2)N[C@@H](C)[C@H](C)C1)CC(C)(C)CC3=O
CHEMBL1807806,70.0,=,IC50,7.16,1165494,Cc1c2c(n3c1CCN(C(=O)[C@@H](N)C(C)C)C[C@@H](C)[C@H](C)Nc1cc-3ccc1C(N)=O)CC(C)(C)CC2=O
CHEMBL1807807,60.0,=,IC50,7.22,1165495,Cc1c2c(n3c1CCN(C(=O)C(C)(C)N)C[C@@H](C)[C@H](C)Nc1cc-3ccc1C(N)=O)CC(C)(C)CC2=O
CHEMBL1807808,116.0,=,IC50,6.94,1165496,Cc1c2c(n3c1CCN(C(=O)C1(N)CC1)C[C@@H](C)[C@H](C)Nc1cc-3ccc1C(N)=O)CC(C)(C)CC2=O
CHEMBL1807809,83.0,=,IC50,7.08,1165497,Cc1c2c(n3c1CCN(C(=O)C1(N)CCCC1)C[C@@H](C)[C@H](C)Nc1cc-3ccc1C(N)=O)CC(C)(C)CC2=O
CHEMBL1807810,68.0,=,IC50,7.17,1165498,Cc1c2c(n3c1CCN(C(=O)[C@@H]1CCCN1)C[C@@H](C)[C@H](C)Nc1cc-3ccc1C(N)=O)CC(C)(C)CC2=O
CHEMBL1807811,228.0,=,IC50,6.64,1165499,Cc1c2c(n3c1CCN(C(=O)[C@H]1CCCN1)C[C@@H](C)[C@H](C)Nc1cc-3ccc1C(N)=O)CC(C)(C)CC2=O
CHEMBL1806511,80.0,=,IC50,7.1,1165500,Cc1c2c(n3c1CCN(C(=O)[C@@H]1C[C@H](F)CN1)C[C@@H](C)[C@H](C)Nc1cc-3ccc1C(N)=O)CC(C)(C)CC2=O
CHEMBL1807812,183.0,=,IC50,6.74,1165501,Cc1c2c(n3c1CCN(C(=O)[C@H](C)O)C[C@@H](C)[C@H](C)Nc1cc-3ccc1C(N)=O)CC(C)(C)CC2=O
CHEMBL1807813,91.0,=,IC50,7.04,1165502,Cc1c2c(n3c1CCN(C(=O)[C@@H](O)C(C)C)C[C@@H](C)[C@H](C)Nc1cc-3ccc1C(N)=O)CC(C)(C)CC2=O
CHEMBL1831185,5600.0,=,IC50,5.25,1177898,CCc1cc([C@@H]2CC(=O)N2c2ccc3c(c2)OCCO3)c(O)cc1O
CHEMBL1831186,14500.0,=,IC50,4.84,1177899,CCc1cc(/C=N/c2ccc3c(c2)OCCO3)c(O)cc1O
CHEMBL1828656,22100.0,=,IC50,4.66,1177900,CCc1cc(/C=N/c2ccc3c(c2)OCO3)c(O)cc1O
CHEMBL109480,1190.0,=,IC50,5.92,183934,C=CCNC1=C2C[C@@H](C)C[C@H](OC)[C@H](O)[C@@H](C)/C=C(\C)[C@H](OC(N)=O)[C@@H](OC)/C=C\C=C(/C)C(=O)NC(=CC1=O)C2=O
CHEMBL1834385,290.0,=,Kd,6.54,1178429,Nc1nccc(-c2ccccc2)n1
CHEMBL1834386,330.0,=,Kd,6.48,1178430,Nc1ncc2c(n1)-c1ccoc1CC2
CHEMBL1834387,340.0,=,Kd,6.47,1178431,CCCc1nc(N)ncc1C(=O)OCC
CHEMBL1834388,570.0,=,Kd,6.24,1178432,Nc1nccc(-c2nccs2)n1
CHEMBL1834390,42.0,=,Kd,7.38,1178434,CCSc1nc(C)nc(N)n1
CHEMBL302453,300000.0,=,Kd,3.52,101083,Nc1ccncn1
CHEMBL1834089,79000.0,=,Kd,4.1,1178130,Nc1cnccn1
CHEMBL88580,19000.0,=,Kd,4.72,144916,Nc1ncccn1
CHEMBL89436,10000.0,=,Kd,5.0,145164,Nc1ncncn1
CHEMBL86795,5300.0,=,Kd,5.28,142564,c1ccc2[nH]ncc2c1
CHEMBL1834090,3700.0,=,Kd,5.43,1178131,CSc1nc(N)nc(SCc2ccc(Cl)cc2)n1
CHEMBL1834090,24000.0,=,IC50,4.62,1178131,CSc1nc(N)nc(SCc2ccc(Cl)cc2)n1
CHEMBL1834091,860.0,=,Kd,6.07,1178132,Cc1ccc(S(=O)(=O)c2cc(C)nc(N)n2)cc1
CHEMBL1834091,9600.0,=,IC50,5.02,1178132,Cc1ccc(S(=O)(=O)c2cc(C)nc(N)n2)cc1
CHEMBL313528,2300.0,=,Kd,5.64,145421,CSc1nc(N)nc(SCCN2CCOCC2)n1
CHEMBL313528,33000.0,=,IC50,4.48,145421,CSc1nc(N)nc(SCCN2CCOCC2)n1
CHEMBL1834092,16000.0,=,IC50,4.8,1178133,CSc1nc(N)nc(SCc2ccccc2)n1
CHEMBL1834093,230.0,=,Kd,6.64,1178134,Cc1cc(-c2ccc3c4c(cccc24)COC3)nc(N)n1
CHEMBL1834093,6900.0,=,IC50,5.16,1178134,Cc1cc(-c2ccc3c4c(cccc24)COC3)nc(N)n1
CHEMBL561426,51000.0,=,Kd,4.29,559696,CSc1nc(N)nc(-c2ccccc2)n1
CHEMBL1834094,4500.0,=,Kd,5.35,1178135,CSc1nc(N)nc(-c2ccccc2C)n1
CHEMBL1834095,6900.0,=,Kd,5.16,1178136,CSc1nc(N)nc(-c2ccccc2Cl)n1
CHEMBL561426,31000.0,=,IC50,4.51,559696,CSc1nc(N)nc(-c2ccccc2)n1
CHEMBL1834094,570.0,=,IC50,6.24,1178135,CSc1nc(N)nc(-c2ccccc2C)n1
CHEMBL1834095,750.0,=,IC50,6.12,1178136,CSc1nc(N)nc(-c2ccccc2Cl)n1
CHEMBL1834096,3.4,=,Kd,8.47,1178137,CSc1nc(N)nc(-c2c(Cl)cc3c4c(cccc24)COC3)n1
CHEMBL1834096,3000.0,=,IC50,5.52,1178137,CSc1nc(N)nc(-c2c(Cl)cc3c4c(cccc24)COC3)n1
CHEMBL109480,220.0,=,Kd,6.66,183934,C=CCNC1=C2C[C@@H](C)C[C@H](OC)[C@H](O)[C@@H](C)/C=C(\C)[C@H](OC(N)=O)[C@@H](OC)/C=C\C=C(/C)C(=O)NC(=CC1=O)C2=O
CHEMBL109480,220.0,=,Kd,6.66,183934,C=CCNC1=C2C[C@@H](C)C[C@H](OC)[C@H](O)[C@@H](C)/C=C(\C)[C@H](OC(N)=O)[C@@H](OC)/C=C\C=C(/C)C(=O)NC(=CC1=O)C2=O
CHEMBL441019,750.0,=,Kd,6.12,20325,Oc1ccc2c(c1)CCc1c[nH]nc1-2
CHEMBL1939369,3.4,=,Kd,8.47,1274213,CSc1nc(N)nc(-c2ccc3c4c(cc(Cl)cc24)COC3)n1
CHEMBL1939379,0.52,=,Kd,9.28,1274223,Cc1cc(C)c2cc1C(=O)NCCCNC(=O)CCSc1cc-2nc(N)n1
CHEMBL1939385,0.8,=,Kd,9.1,1274229,Cc1cc(C)c2cc1C(=O)NCCNC(=O)OCCSc1cc-2nc(N)n1
CHEMBL1939384,0.7,=,Kd,9.15,1274228,Cc1cc(C)c2cc1C(=O)NCCOC(=O)NCCSc1cc-2nc(N)n1
CHEMBL1939383,0.65,=,Kd,9.19,1274227,Cc1cc(C)c2cc1C(=O)NCCCC(=O)NCCSc1cc-2nc(N)n1
CHEMBL1939382,0.61,=,Kd,9.21,1274226,Cc1cc(C)c2cc1C(=O)NCCNC(=O)CCCSc1cc-2nc(N)n1
CHEMBL1939381,0.25,=,Kd,9.6,1274225,Cc1cc(C)c2cc1C(=O)NCCCCCNC(=O)CCSc1cc-2nc(N)n1
CHEMBL1939380,0.38,=,Kd,9.42,1274224,Cc1cc(C)c2cc1C(=O)NCCCCNC(=O)CCSc1cc-2nc(N)n1
CHEMBL1939378,10.0,=,Kd,8.0,1274222,CCOc1cc(C)c2cc1C(=O)NCCCOc1cccc(c1)Sc1cc-2nc(N)n1
CHEMBL1939377,5.8,=,Kd,8.24,1274221,COc1cc(C)c2cc1C(=O)NCCCOc1cccc(c1)Sc1cc-2nc(N)n1
CHEMBL1939376,6.2,=,Kd,8.21,1274220,Cc1cc(C)c2cc1C(=O)NCCCCCOc1cccc(c1)Sc1cc-2nc(N)n1
CHEMBL1939375,7.4,=,Kd,8.13,1274219,Cc1cc(C)c2cc1C(=O)NCCCCOc1cccc(c1)Sc1cc-2nc(N)n1
CHEMBL1939374,1.3,=,Kd,8.89,1274218,Cc1cc(C)c2cc1C(=O)NCCCOc1cccc(c1)Sc1cc-2nc(N)n1
CHEMBL1939373,11.0,=,Kd,7.96,1274217,Nc1nc2cc(n1)-c1cc(c(Cl)cc1Cl)OCCCCOc1cccc(c1)S2
CHEMBL1939372,84.0,=,Kd,7.08,1274216,Cc1ccc2cc1-c1cc(nc(N)n1)Sc1cccc(c1)OCCCCCO2
CHEMBL1939371,40.0,=,Kd,7.4,1274215,Cc1ccc2cc1-c1cc(nc(N)n1)Sc1cccc(c1)OCCCCO2
CHEMBL1939370,120.0,=,Kd,6.92,1274214,Cc1ccc2cc1-c1cc(nc(N)n1)Sc1cccc(c1)OCCCO2
CHEMBL2205800,32.0,=,EC50,7.5,1445428,COc1c(C)cnc(Cn2cc(CCCO)c3c(Cl)nc(N)nc32)c1C
CHEMBL1230584,14.0,=,EC50,7.85,692934,COc1c(C)cnc(Cn2cc(C#CCC(C)(C)O)c3c(Cl)nc(N)nc32)c1C
CHEMBL2205799,9.0,=,EC50,8.05,1445427,COc1c(C)cnc(Cn2cc(C#CCCO)c3c(Cl)nc(N)nc32)c1C
CHEMBL2205798,15.0,=,EC50,7.82,1445426,COc1c(C)cnc(Cn2cc(C#CCO)c3c(Cl)nc(N)nc32)c1C
CHEMBL2205245,26.0,=,EC50,7.58,1444867,C#Cc1cn(Cc2ncc(C)c(OC)c2C)c2nc(N)nc(Cl)c12
CHEMBL2205244,250.0,=,EC50,6.6,1444866,COc1c(C)cnc(Cn2cc(-c3ccccc3)c3c(Cl)nc(N)nc32)c1C
CHEMBL2205243,98.0,=,EC50,7.01,1444865,COc1c(C)cnc(Cn2ccc3c(Cl)nc(N)nc32)c1C
CHEMBL467399,38.0,=,EC50,7.42,495617,COc1c(C)cnc(Cn2cnc3c(Cl)nc(N)nc32)c1C
CHEMBL560895,19.0,=,EC50,7.72,556158,CC1(C)CC(=O)c2c(C(F)(F)F)nn(-c3ccc(C(N)=O)c(N[C@H]4CC[C@H](O)CC4)c3)c2C1
CHEMBL252164,7.0,=,EC50,8.15,419032,CCNC(=O)c1noc(-c2cc(C(C)C)c(O)cc2O)c1-c1ccc(CN2CCOCC2)cc1
CHEMBL109480,12.0,=,EC50,7.92,183934,C=CCNC1=C2C[C@@H](C)C[C@H](OC)[C@H](O)[C@@H](C)/C=C(\C)[C@H](OC(N)=O)[C@@H](OC)/C=C\C=C(/C)C(=O)NC(=CC1=O)C2=O
CHEMBL2205800,3.9,=,IC50,8.41,1445428,COc1c(C)cnc(Cn2cc(CCCO)c3c(Cl)nc(N)nc32)c1C
CHEMBL1230584,1.1,=,IC50,8.96,692934,COc1c(C)cnc(Cn2cc(C#CCC(C)(C)O)c3c(Cl)nc(N)nc32)c1C
CHEMBL2205799,2.0,=,IC50,8.7,1445427,COc1c(C)cnc(Cn2cc(C#CCCO)c3c(Cl)nc(N)nc32)c1C
CHEMBL2205798,0.7,=,IC50,9.15,1445426,COc1c(C)cnc(Cn2cc(C#CCO)c3c(Cl)nc(N)nc32)c1C
CHEMBL2205245,1.0,=,IC50,9.0,1444867,C#Cc1cn(Cc2ncc(C)c(OC)c2C)c2nc(N)nc(Cl)c12
CHEMBL2205244,6.0,=,IC50,8.22,1444866,COc1c(C)cnc(Cn2cc(-c3ccccc3)c3c(Cl)nc(N)nc32)c1C
CHEMBL467399,5.1,=,IC50,8.29,495617,COc1c(C)cnc(Cn2cnc3c(Cl)nc(N)nc32)c1C
CHEMBL560895,3.0,=,IC50,8.52,556158,CC1(C)CC(=O)c2c(C(F)(F)F)nn(-c3ccc(C(N)=O)c(N[C@H]4CC[C@H](O)CC4)c3)c2C1
CHEMBL252164,0.4,<,IC50,,419032,CCNC(=O)c1noc(-c2cc(C(C)C)c(O)cc2O)c1-c1ccc(CN2CCOCC2)cc1
CHEMBL1230584,0.2,=,Ki,9.7,692934,COc1c(C)cnc(Cn2cc(C#CCC(C)(C)O)c3c(Cl)nc(N)nc32)c1C
CHEMBL467399,1.7,=,Ki,8.77,495617,COc1c(C)cnc(Cn2cnc3c(Cl)nc(N)nc32)c1C
CHEMBL2234552,49600.0,=,IC50,4.3,1629099,O=C(C[n+]1ccccc1)NCc1ccccc1
CHEMBL2237457,48500.0,=,IC50,4.31,1629087,C=CCNC(=O)c1ccc[n+](CC(=O)Nc2ccc(OC)cc2)c1
CHEMBL2237472,42200.0,=,IC50,4.38,1629139,Cc1ccc(NC(=O)C[n+]2cccc(C(N)=O)c2)cc1
CHEMBL2237448,26600.0,=,IC50,4.58,1629149,NS(=O)(=O)c1ccc(NC(=O)C[n+]2cccc(C(=O)Nc3ccccc3)c2)cc1
CHEMBL2237431,17300.0,=,IC50,4.76,1629055,Cc1ccc(NC(=O)C[n+]2cccc(C(=O)Nc3ccc(Cl)cc3)c2)cc1
CHEMBL2237466,16400.0,=,IC50,4.79,1629165,NC(=O)c1ccc[n+](CC(=O)NCCc2ccccc2)c1
CHEMBL2237443,14900.0,=,IC50,4.83,1629170,O=C(C[n+]1ccccc1)Nc1ccc([N+](=O)[O-])cc1
CHEMBL2237442,13300.0,=,IC50,4.88,1629054,COc1ccc(NC(=O)C[n+]2ccccc2)cc1
CHEMBL2237467,13300.0,=,IC50,4.88,1629204,NC(=O)c1ccc[n+](CC(=O)Nc2ccccc2)c1
CHEMBL2234048,13200.0,=,IC50,4.88,1629053,Cc1cccc(NC(=O)C[n+]2cccc(C(N)=O)c2)c1
CHEMBL2237445,12700.0,=,IC50,4.9,1629171,CC(=O)NS(=O)(=O)c1ccc(NC(=O)C[n+]2ccccc2)cc1
CHEMBL2234549,12700.0,=,IC50,4.9,1629194,CC(=O)NS(=O)(=O)c1ccc(NC(=O)C[n+]2cccc(C(N)=O)c2)cc1
CHEMBL1547,12500.0,=,IC50,4.9,437211,Cc1ncc(C[n+]2csc(CCO)c2C)c(N)n1
CHEMBL2234548,12000.0,=,IC50,4.92,1629142,NC(=O)c1ccc[n+](CC(=O)Nc2ccc(S(N)(=O)=O)cc2)c1
CHEMBL2237470,7600.0,=,IC50,5.12,1629122,NC(=O)c1ccc[n+](CC(=O)Nc2ccc([N+](=O)[O-])cc2)c1
CHEMBL2237452,7400.0,=,IC50,5.13,1629079,Cc1ccc(NC(=O)C[n+]2cccc(C(=O)Nc3ccccc3)c2)cc1
CHEMBL278315,272.0,=,IC50,6.57,25906,COC1=C2C[C@@H](C)C[C@H](OC)[C@H](O)[C@@H](C)/C=C(\C)[C@H](OC(N)=O)[C@@H](OC)/C=C\C=C(/C)C(=O)NC(=CC1=O)C2=O
CHEMBL2332347,5925.0,=,Kd,5.23,1521975,O=C(O[C@@H]1C[C@@]2(O)CO[C@H]3O[C@H](O)C[C@@H]1[C@H]32)c1ccc(O)cc1
CHEMBL2332356,2388.0,=,Kd,5.62,1521984,O[C@H]1[C@@H]2CCO[C@@H]3OC[C@@](O)([C@@H]32)[C@@H]1O
CHEMBL462888,348.0,=,Kd,6.46,462841,O=C(/C=C/c1ccc(O)c(O)c1)O[C@@H]1C2C=CO[C@H](O[C@@H]3O[C@H](CO)[C@@H](O)[C@H](O)[C@H]3O)C2[C@]2(CO)O[C@H]12
CHEMBL109480,326.0,=,Kd,6.49,183934,C=CCNC1=C2C[C@@H](C)C[C@H](OC)[C@H](O)[C@@H](C)/C=C(\C)[C@H](OC(N)=O)[C@@H](OC)/C=C\C=C(/C)C(=O)NC(=CC1=O)C2=O
CHEMBL2332366,139.0,=,Kd,6.86,1521994,O=C(OC[C@H]1O[C@@H](O[C@@H]2OC=C[C@@H]3[C@H]2[C@](O)(CO)C[C@H]3OC(=O)c2ccc(O)cc2)[C@H](O)[C@@H](O)[C@@H]1O)c1ccc(O)cc1
CHEMBL2332361,73.0,=,Kd,7.14,1521989,O=C(/C=C\c1ccc(O)cc1)O[C@@H]1C[C@@](O)(CO)[C@H]2[C@H](O[C@@H]3O[C@H](CO)[C@@H](O)[C@H](O)[C@H]3O)OC=C[C@H]21
CHEMBL2332353,50.0,=,Kd,7.3,1521981,O=C(O[C@@H]1[C@@H]2O[C@]2(CO)[C@H]2[C@H](O[C@@H]3O[C@H](CO)[C@@H](O)[C@H](O)[C@H]3O)OC=C[C@@H]12)[C@H]1[C@H](c2ccc(O)cc2)[C@H](C(=O)O[C@@H]2[C@@H]3O[C@]3(CO)[C@H]3[C@H](O[C@@H]4O[C@H](CO)[C@@H](O)[C@H](O)[C@H]4O)OC=C[C@@H]23)[C@H]1c1ccc(O)cc1
CHEMBL2332346,31.0,=,Kd,7.51,1521974,O=C(O[C@@H]1C[C@@](O)(CO)[C@H]2[C@H](O[C@@H]3O[C@H](CO)[C@@H](O)[C@H](O)[C@H]3O)OC=C[C@H]21)c1ccc(O)cc1
CHEMBL2332355,26.0,=,Kd,7.58,1521983,O=C(/C=C/c1ccc(O)cc1)O[C@@H]1[C@@H]2O[C@]2(CO)[C@H]2[C@H](O[C@@H]3O[C@H](CO)[C@@H](O)[C@H](O)[C@H]3O)OC=C[C@@H]12
CHEMBL2332365,16.0,=,Kd,7.8,1521993,O=C(O[C@@H]1[C@@H]2O[C@]2(CO)[C@H]2[C@H](O[C@@H]3O[C@H](CO)[C@@H](O)[C@H](O)[C@H]3O)OCC[C@@H]12)c1ccc(O)cc1
CHEMBL2332352,14.0,=,Kd,7.85,1521980,O=C(O[C@@H]1[C@@H]2O[C@]2(CO)[C@H]2[C@H](O[C@@H]3O[C@H](CO)[C@@H](O)[C@H](O)[C@H]3O)OC=C[C@@H]12)[C@@H]1[C@@H](c2ccc(O)cc2)[C@H](c2ccc(O)cc2)[C@H]1C(=O)O[C@@H]1[C@@H]2O[C@]2(CO)[C@H]2[C@H](O[C@@H]3O[C@H](CO)[C@@H](O)[C@H](O)[C@H]3O)OC=C[C@@H]12
CHEMBL2332354,12.0,=,Kd,7.92,1521982,O=C(O[C@@H]1[C@@H]2O[C@]2(CO)[C@H]2[C@H](O[C@@H]3O[C@H](CO)[C@@H](O)[C@H](O)[C@H]3O)OC=C[C@@H]12)c1ccc(O)cc1
CHEMBL414883,4.2,=,Kd,8.38,136087,C[C@@H]1C[C@H]2O[C@@H]2/C=C\C=C\C(=O)Cc2c(Cl)c(O)cc(O)c2C(=O)O1
CHEMBL14830,59308.0,=,IC50,4.23,14275,Nc1ncnc2c1ncn2[C@@H]1O[C@H](COP(=O)(O)OP(=O)(O)O)[C@@H](O)[C@H]1O
CHEMBL2103879,5.0,=,IC50,8.3,1376149,CC(C)c1cc(-c2n[nH]c(=O)n2-c2ccc3c(ccn3C)c2)c(O)cc1O
CHEMBL252164,20.0,=,IC50,7.7,419032,CCNC(=O)c1noc(-c2cc(C(C)C)c(O)cc2O)c1-c1ccc(CN2CCOCC2)cc1
CHEMBL560895,29.0,=,IC50,7.54,556158,CC1(C)CC(=O)c2c(C(F)(F)F)nn(-c3ccc(C(N)=O)c(N[C@H]4CC[C@H](O)CC4)c3)c2C1
CHEMBL2419346,33.0,=,IC50,7.48,1578126,CN(C)c1cc2c(cc1Sc1nc3c(N)nccc3n1CCNCC(C)(C)C)OCO2
CHEMBL467399,19.0,=,IC50,7.72,495617,COc1c(C)cnc(Cn2cnc3c(Cl)nc(N)nc32)c1C
CHEMBL109480,46.0,=,IC50,7.34,183934,C=CCNC1=C2C[C@@H](C)C[C@H](OC)[C@H](O)[C@@H](C)/C=C(\C)[C@H](OC(N)=O)[C@@H](OC)/C=C\C=C(/C)C(=O)NC(=CC1=O)C2=O
CHEMBL278315,28.0,=,IC50,7.55,25906,COC1=C2C[C@@H](C)C[C@H](OC)[C@H](O)[C@@H](C)/C=C(\C)[C@H](OC(N)=O)[C@@H](OC)/C=C\C=C(/C)C(=O)NC(=CC1=O)C2=O
CHEMBL2419342,1.4,=,Kd,8.85,1578122,Nc1ncnc2c1nc(Sc1cc3c(cc1I)OCO3)n2CCCNC(=S)Nc1ccc(-c2c3ccc(=O)cc-3oc3cc(O)ccc23)c(C(=O)O)c1
CHEMBL1910764,3.9,=,Kd,8.41,1250361,CC(C)N(CCCn1c(Sc2cc3c(cc2I)OCO3)nc2c(N)ncnc21)C(=S)Nc1ccc(-c2c3ccc(=O)cc-3oc3cc(O)ccc23)c(C(=O)O)c1
CHEMBL2419341,0.7,=,Kd,9.15,1578121,CO[C@H]1/C=C\C=C(/C)C(=O)NC2=CC(=O)C(NCCCCNC(=O)Cc3ccc4c(c3)C(C)(C)C3=[N+]4CCC4OC5CCN6C(=C5C=C34)C(C)(C)c3cc(S(=O)(=O)[O-])ccc36)=C(C[C@@H](C)C[C@H](OC)[C@H](O)[C@@H](C)/C=C(\C)[C@@H]1OC(N)=O)C2=O
CHEMBL2443027,600.0,=,Kd,6.22,1589557,Oc1cc(O)cc(Oc2ccc(Cl)c(Cl)c2)c1
CHEMBL3086710,2800.0,=,Ki,5.55,1604180,Cc1cccc(C)c1Oc1nc(N)nc(Cl)n1
CHEMBL3086710,5000.0,=,IC50,5.3,1604180,Cc1cccc(C)c1Oc1nc(N)nc(Cl)n1
CHEMBL467399,2.0,=,Ki,8.7,495617,COc1c(C)cnc(Cn2cnc3c(Cl)nc(N)nc32)c1C
CHEMBL560895,4.0,=,Ki,8.4,556158,CC1(C)CC(=O)c2c(C(F)(F)F)nn(-c3ccc(C(N)=O)c(N[C@H]4CC[C@H](O)CC4)c3)c2C1
CHEMBL3104858,3.0,=,Ki,8.52,1612944,Cc1cn(-c2cc(F)c(C(N)=O)c(N[C@H]3CCOC3)c2)c2c1C(=O)CC(C)(C)C2
CHEMBL3104860,125.0,=,Ki,6.9,1612946,CC1(C)CC(=O)c2ccn(-c3cc(F)c(C(N)=O)c(N[C@H]4CCOC4)c3)c2C1
CHEMBL252164,2.0,=,Ki,8.7,419032,CCNC(=O)c1noc(-c2cc(C(C)C)c(O)cc2O)c1-c1ccc(CN2CCOCC2)cc1
CHEMBL3104859,2.0,=,Ki,8.7,1612945,CO[C@H]1C[C@H](C)CC2=C(NCCN(C)C)C(=O)C=C(NC(=O)/C(C)=C/C=C\[C@@H](OC)[C@@H](OC(N)=O)/C(C)=C/[C@H](C)[C@H]1O)C2=O
CHEMBL3104289,0.48,=,Kd,9.32,1612369,NC(=O)CCCSc1nc(N)nc(-c2c(Cl)cc3c4c(cccc24)COC3)n1
CHEMBL3104288,1.3,=,Kd,8.89,1612368,NC(=O)CSc1nc(N)nc(-c2c(Cl)cc3c4c(cccc24)COC3)n1
CHEMBL3104287,1.3,=,Kd,8.89,1612367,Nc1nc(SCCC(=O)NCCO)nc(-c2c(Cl)cc3c4c(cccc24)COC3)n1
CHEMBL3104286,2.5,=,Kd,8.6,1612366,CN(C)C(=O)CCSc1nc(N)nc(-c2c(Cl)cc3c4c(cccc24)COC3)n1
CHEMBL3104285,0.66,=,Kd,9.18,1612365,CNC(=O)CCSc1nc(N)nc(-c2c(Cl)cc3c4c(cccc24)COC3)n1
CHEMBL3104284,1.6,=,Kd,8.8,1612364,Nc1nc(SC[C@H]2CNC(=O)O2)nc(-c2c(Cl)cc3c4c(cccc24)COC3)n1
CHEMBL3104283,1.8,=,Kd,8.74,1612363,Nc1nc(SC[C@@H]2CNC(=O)O2)nc(-c2c(Cl)cc3c4c(cccc24)COC3)n1
CHEMBL3104282,41.0,=,Kd,7.39,1612362,CC(C)(CSc1nc(N)nc(-c2c(Cl)cc3c4c(cccc24)COC3)n1)C(N)=O
CHEMBL3104281,0.33,=,Kd,9.48,1612361,C[C@H](CSc1nc(N)nc(-c2c(Cl)cc3c4c(cccc24)COC3)n1)C(N)=O
CHEMBL3104280,0.6,=,Kd,9.22,1612360,CC(CSc1nc(N)nc(-c2c(Cl)cc3c4c(cccc24)COC3)n1)C(N)=O
CHEMBL3104279,4.4,=,Kd,8.36,1612359,CC(=O)N[C@@H](CSc1nc(N)nc(-c2c(Cl)cc3c4c(cccc24)COC3)n1)C(N)=O
CHEMBL3104278,0.66,=,Kd,9.18,1612358,NC(=O)CCSc1nc(N)nc(-c2c(Cl)cc3c4c(cccc24)COC3)n1
CHEMBL3104277,0.46,=,Kd,9.34,1612357,NC(=O)OCCSc1nc(N)nc(-c2c(Cl)cc3c4c(cccc24)COC3)n1
CHEMBL3104276,0.54,=,Kd,9.27,1612356,Nc1nc(SCCO)nc(-c2c(Cl)cc3c4c(cccc24)COC3)n1
CHEMBL3104275,1.5,=,Kd,8.82,1612355,CN(C)CCSc1nc(N)nc(-c2c(Cl)cc3c4c(cccc24)COC3)n1
CHEMBL3104274,1.4,=,Kd,8.85,1612354,NC(=O)NCCSc1nc(N)nc(-c2c(Cl)cc3c4c(cccc24)COC3)n1
CHEMBL3104273,0.43,=,Kd,9.37,1612353,CS(=O)(=O)NCCSc1nc(N)nc(-c2c(Cl)cc3c4c(cccc24)COC3)n1
CHEMBL3104272,0.82,=,Kd,9.09,1612352,CC(=O)NCCSc1nc(N)nc(-c2c(Cl)cc3c4c(cccc24)COC3)n1
CHEMBL109480,310.0,=,Kd,6.51,183934,C=CCNC1=C2C[C@@H](C)C[C@H](OC)[C@H](O)[C@@H](C)/C=C(\C)[C@H](OC(N)=O)[C@@H](OC)/C=C\C=C(/C)C(=O)NC(=CC1=O)C2=O
CHEMBL463701,49.0,=,Kd,7.31,462656,CC(=O)O[C@H]1C[C@@H](OC(C)=O)[C@@]2(C)CO[C@@H]3[C@@H](O)[C@@]4(C)C5=CC[C@@H](c6ccoc6)[C@]5(C)CC[C@@H]4[C@]1(C)[C@@H]32
CHEMBL2270444,33.0,=,Kd,7.48,1487747,C/C=C(\C)C(=O)O[C@H]1C[C@@H](O)[C@@]2(C)CO[C@H]3[C@H]4O[C@@H]5C[C@@H](c6ccoc6)C(C)=C5[C@@]4(C)[C@H](CC(=O)OC)[C@]1(C)[C@@H]32
CHEMBL109480,23200.0,=,IC50,4.63,183934,C=CCNC1=C2C[C@@H](C)C[C@H](OC)[C@H](O)[C@@H](C)/C=C(\C)[C@H](OC(N)=O)[C@@H](OC)/C=C\C=C(/C)C(=O)NC(=CC1=O)C2=O
CHEMBL278315,714.0,=,Kd,6.15,25906,COC1=C2C[C@@H](C)C[C@H](OC)[C@H](O)[C@@H](C)/C=C(\C)[C@H](OC(N)=O)[C@@H](OC)/C=C\C=C(/C)C(=O)NC(=CC1=O)C2=O
CHEMBL252164,61.0,=,IC50,7.21,419032,CCNC(=O)c1noc(-c2cc(C(C)C)c(O)cc2O)c1-c1ccc(CN2CCOCC2)cc1
CHEMBL3234758,320.0,=,IC50,6.5,1733274,CC(C)c1cc(-n2cc(-c3ccc(CN4CCN(c5ccccc5)CC4)cc3)nn2)c(O)cc1O
CHEMBL3234759,295.0,=,IC50,6.53,1733275,CC(C)c1cc(-n2cc(-c3ccc(CN4CCN(Cc5ccccc5)CC4)cc3)nn2)c(O)cc1O
CHEMBL3234760,36.0,=,IC50,7.44,1733276,CC(C)c1cc(-n2nncc2-c2ccc(CN3CCN(c4ccccc4)CC3)cc2)c(O)cc1O
CHEMBL3234761,27.0,=,IC50,7.57,1733277,CC(C)c1cc(-n2nncc2-c2ccc(CN3CCN(Cc4ccccc4)CC3)cc2)c(O)cc1O
CHEMBL3234762,35.0,=,IC50,7.46,1733278,CC(C)c1cc(-n2nncc2-c2ccc(CN3CCOCC3)cc2)c(O)cc1O
CHEMBL3234763,37.0,=,IC50,7.43,1733279,CC(C)c1cc(-n2nncc2-c2ccc(CN3CCCC(O)C3)cc2)c(O)cc1O
CHEMBL3234764,5.0,<,IC50,,1733280,CCNC(=O)c1nnn(-c2cc(C(C)C)c(O)cc2O)c1-c1ccc(CN2CCOCC2)cc1
CHEMBL3234765,23.0,=,IC50,7.64,1733281,CCNC(=O)c1nnn(-c2cc(C(C)C)c(O)cc2O)c1-c1ccc(CN2CCCC(O)C2)cc1
CHEMBL3234766,30.0,=,IC50,7.52,1733282,CCNC(=O)c1nnn(-c2cc(C(C)C)c(O)cc2O)c1-c1ccc(CN2CCC[C@@H](O)C2)cc1
CHEMBL3234767,23.0,=,IC50,7.64,1733283,CCNC(=O)c1nnn(-c2cc(C(C)C)c(O)cc2O)c1-c1ccc(CN2CCC[C@H](O)C2)cc1
CHEMBL3234768,21.0,=,IC50,7.68,1733284,CCNC(=O)c1nnn(-c2cc(C(C)C)c(O)cc2O)c1-c1ccc(CN2CCCCC2)cc1
CHEMBL3234769,5.0,<,IC50,,1733285,CCNC(=O)c1nnn(-c2cc(C(C)C)c(O)cc2O)c1-c1ccc(CN2CCCC2)cc1
CHEMBL3234770,23.0,=,IC50,7.64,1733286,CCNC(=O)c1nnn(-c2cc(C(C)C)c(O)cc2O)c1-c1ccc(Cn2ccnc2)cc1
CHEMBL3234771,10.0,=,IC50,8.0,1733287,CCNC(=O)c1nnn(-c2cc(C(C)C)c(O)cc2O)c1-c1ccc(CN2CCCCC2CCO)cc1
CHEMBL3234772,25.0,=,IC50,7.6,1733288,CCNC(=O)c1nnn(-c2cc(C(C)C)c(O)cc2O)c1-c1ccc(CN(CC)CC)cc1
CHEMBL3234773,5.0,<,IC50,,1733289,CCNC(=O)c1nnn(-c2cc(C(C)C)c(O)cc2O)c1-c1ccc(CN(CC)CCO)cc1
CHEMBL3234774,5.0,<,IC50,,1733290,CCNC(=O)c1nnn(-c2cc(C(C)C)c(O)cc2O)c1-c1ccc(CN2CCNCC2)cc1
CHEMBL3234775,5.0,<,IC50,,1733291,CCNC(=O)c1nnn(-c2cc(C(C)C)c(O)cc2O)c1-c1ccc(CN2CCN(C)CC2)cc1
CHEMBL3234776,5.0,<,IC50,,1733292,CCNC(=O)c1nnn(-c2cc(C(C)C)c(O)cc2O)c1-c1ccc(CN2CCC(N(C)C)CC2)cc1
CHEMBL3234777,13.0,=,IC50,7.89,1733293,CCNC(=O)c1nnn(-c2cc(C(C)C)c(O)cc2O)c1-c1ccc(CN2CC[C@H](N(C)C)C2)cc1
CHEMBL3234778,6.8,=,IC50,8.17,1733294,CCNC(=O)c1nnn(-c2cc(C(C)C)c(O)cc2O)c1-c1ccc(CNC2CCCCC2)cc1
CHEMBL3234779,5.0,<,IC50,,1733295,CCNC(=O)c1nnn(-c2cc(C(C)C)c(O)cc2O)c1-c1ccc(CNCC2CCCCC2)cc1
CHEMBL3235328,2500.0,=,Ki,5.6,1733850,CC1(C)CC(=O)c2c(n(-c3ccc(C(N)=O)cc3)c3ncccc23)C1
CHEMBL3235329,3200.0,=,Ki,5.5,1733851,CC1(C)CC(=O)c2c3c(n(-c4ccc(C(N)=O)cc4)c2C1)CCCC3
CHEMBL3235330,690.0,=,Ki,6.16,1733852,CN1CCc2c3c(n(-c4ccc(C(N)=O)cc4)c2C1)CC(C)(C)CC3=O
CHEMBL3235332,1900.0,=,Ki,5.72,1733854,CC1(C)CC(=O)c2c3c(n(-c4ccc(C(N)=O)cc4)c2C1)CNCC3
CHEMBL3235333,32.0,=,Ki,7.5,1733855,CN1CCc2c3c(n(-c4cc(F)c(C(N)=O)c(N[C@H]5CCOC5)c4)c2C1)CC(C)(C)CC3=O
CHEMBL3235334,42.0,=,Ki,7.38,1733856,CN1CCc2c3c(n(-c4ccc(C(N)=O)c(N[C@H]5CCOC5)c4)c2C1)CC(C)(C)CC3=O
CHEMBL3235335,14.0,=,Ki,7.85,1733857,CN1CCc2c3c(n(-c4ccc(C(N)=O)c(NC5CCCC5)c4)c2C1)CC(C)(C)CC3=O
CHEMBL3235336,17.0,=,Ki,7.77,1733858,CN1CCc2c3c(n(-c4ccc(C(N)=O)c(NCC5CC5)c4)c2C1)CC(C)(C)CC3=O
CHEMBL3235337,62.0,=,Ki,7.21,1733859,COCCNc1cc(-n2c3c(c4c2CC(C)(C)CC4=O)CCN(C)C3)ccc1C(N)=O
CHEMBL3235338,28.0,=,Ki,7.55,1733860,CN1CCc2c3c(n(-c4ccc(C(N)=O)c(NC5CCSCC5)c4)c2C1)CC(C)(C)CC3=O
CHEMBL3235339,22.0,=,Ki,7.66,1733861,CCCNc1cc(-n2c3c(c4c2CC(C)(C)CC4=O)CCN(C)C3)ccc1C(N)=O
CHEMBL3235340,46.0,=,Ki,7.34,1733862,CN1CCc2c3c(n(-c4ccc(C(N)=O)c(NC5CC5)c4)c2C1)CC(C)(C)CC3=O
CHEMBL3235341,28.0,=,Ki,7.55,1733863,CN1CCc2c3c(n(-c4ccc(C(N)=O)c(NCC(F)F)c4)c2C1)CC(C)(C)CC3=O
CHEMBL3235342,28.0,=,Ki,7.55,1733864,CN1CCc2c3c(n(-c4ccc(C(N)=O)c(NCC5(C)COC5)c4)c2C1)CC(C)(C)CC3=O
CHEMBL3235343,25.0,=,Ki,7.6,1733865,CC(C)Nc1cc(-n2c3c(c4c2CC(C)(C)CC4=O)CCN(C)C3)ccc1C(N)=O
CHEMBL3235344,22.0,=,Ki,7.66,1733866,CN1CCc2c3c(n(-c4ccc(C(N)=O)c(NCC(C)(C)C)c4)c2C1)CC(C)(C)CC3=O
CHEMBL3235345,37.0,=,Ki,7.43,1733867,CC(C)Nc1cc(-n2c3c(c4c2CC(C)(C)CC4=O)CCN(C)C3)cc2c1C(=O)NCC2
CHEMBL3235347,680.0,=,Ki,6.17,1733869,CN1CCc2c3c(n(-c4ccc5c(c4)CCNC5=O)c2C1)CC(C)(C)CC3=O
CHEMBL3235349,390.0,=,Ki,6.41,1733871,CN1CCc2c3c(n(-c4ccc(C(N)=O)c(CCC5CC5)c4)c2C1)CC(C)(C)CC3=O
CHEMBL3235350,42.0,=,Ki,7.38,1733872,CC(C)Cc1cc(-n2c3c(c4c2CC(C)(C)CC4=O)CCN(C)C3)cc2c1C(=O)NCC2
CHEMBL3235351,36.0,=,Ki,7.44,1733873,CC1(C)CC(=O)c2c3c(n(-c4ccc(C(N)=O)c(N[C@H]5CCOC5)c4)c2C1)CCCC3
CHEMBL3235352,20.0,=,Ki,7.7,1733874,Cc1cn(-c2cc3c(c(CC(C)C)c2)C(=O)NCC3)c2c1C(=O)CC(C)(C)C2
CHEMBL3235353,5.0,=,Ki,8.3,1733875,Cc1cn(-c2cc3c(c(C4CCCC4)c2)C(=O)NCC3)c2c1C(=O)CC(C)(C)C2
CHEMBL3235354,6.0,=,Ki,8.22,1733876,Cc1cn(-c2cc3c(c(C4CCCCC4)c2)C(=O)NCC3)c2c1C(=O)CC(C)(C)C2
CHEMBL3235355,3.0,=,Ki,8.52,1733877,Cc1cn(-c2cc3c(c(C4CCOCC4)c2)C(=O)NCC3)c2c1C(=O)CC(C)(C)C2
CHEMBL3235356,34.0,=,Ki,7.47,1733878,Cc1cn(-c2cc3c(c(C4CCC4)c2)C(=O)NCC3)c2c1C(=O)CC(C)(C)C2
CHEMBL3235357,56.0,=,Ki,7.25,1733879,CCCCc1cc(-n2cc(C)c3c2CC(C)(C)CC3=O)cc2c1C(=O)NCC2
CHEMBL3235358,180.0,=,Ki,6.75,1733880,Cc1cn(-c2cc3c(c(C(C)(C)C)c2)C(=O)NCC3)c2c1C(=O)CC(C)(C)C2
CHEMBL3235359,94.0,=,Ki,7.03,1733881,Cc1cn(-c2cc3c(c(Cc4ccccc4)c2)C(=O)NCC3)c2c1C(=O)CC(C)(C)C2
CHEMBL3235360,14.0,=,Ki,7.85,1733882,Cc1cn(-c2cc3c(c(-c4ccccc4)c2)C(=O)NCC3)c2c1C(=O)CC(C)(C)C2
CHEMBL3235361,10.0,=,Ki,8.0,1733883,Cc1cn(-c2cc3c(c(-c4ccc(F)cc4)c2)C(=O)NCC3)c2c1C(=O)CC(C)(C)C2
CHEMBL3235362,20.0,=,Ki,7.7,1733884,Cc1cn(-c2cc3c(c(-c4cccc(F)c4)c2)C(=O)NCC3)c2c1C(=O)CC(C)(C)C2
CHEMBL3235363,40.0,=,Ki,7.4,1733885,COc1ccc(-c2cc(-n3cc(C)c4c3CC(C)(C)CC4=O)cc3c2C(=O)NCC3)cc1
CHEMBL3235108,14.8,=,IC50,7.83,1733628,CCNC(=O)c1nnn(-c2cc(C(C)C)c(O)cc2O)c1-c1ccc(CNCCN2CCOCC2)cc1
CHEMBL3235109,15.0,=,IC50,7.82,1733629,CCNC(=O)c1nnn(-c2cc(C(C)C)c(O)cc2O)c1-c1ccc(CNCCN(CC)CC)cc1
CHEMBL3235110,12.0,=,IC50,7.92,1733630,CCNC(=O)c1nnn(-c2cc(C(C)C)c(O)cc2O)c1-c1ccc(CNCCCN(CC)CC)cc1
CHEMBL3235111,32.0,=,IC50,7.5,1733631,CCNC(=O)c1nnn(-c2cc(C(C)C)c(O)cc2O)c1-c1ccc(CNC2CCN(C)CC2)cc1
CHEMBL3235112,17.0,=,IC50,7.77,1733632,CC(C)c1cc(-n2nnc(C(=O)NCCCl)c2-c2ccc(CN3CCOCC3)cc2)c(O)cc1O
CHEMBL3235113,33.0,=,IC50,7.48,1733633,CCCCCCCNC(=O)c1nnn(-c2cc(C(C)C)c(O)cc2O)c1-c1ccc(CN2CCOCC2)cc1
CHEMBL3235114,27.0,=,IC50,7.57,1733634,CC(C)c1cc(-n2nnc(C(=O)NC3CCCC3)c2-c2ccc(CN3CCOCC3)cc2)c(O)cc1O
CHEMBL3235115,95.0,=,IC50,7.02,1733635,CC(C)c1cc(-n2nnc(C(=O)NC3CCCCC3)c2-c2ccc(CN3CCOCC3)cc2)c(O)cc1O
CHEMBL3235116,270.0,=,IC50,6.57,1733636,CC(C)c1cc(-n2nnc(C(=O)N3CCOCC3)c2-c2ccc(CN3CCOCC3)cc2)c(O)cc1O
CHEMBL3235117,181.0,=,IC50,6.74,1733637,CC(C)c1cc(-n2nnc(C(=O)N[C@H](C(=O)O)C(C)C)c2-c2ccc(CN3CCOCC3)cc2)c(O)cc1O
CHEMBL3235118,31.0,=,IC50,7.51,1733638,CC(C)c1cc(-n2nnc(C(=O)NCCCCCCC(=O)NO)c2-c2ccc(CN3CCOCC3)cc2)c(O)cc1O
CHEMBL3233488,29.0,=,IC50,7.54,1731991,CCNC(=O)c1noc2c1CN(C(=O)c1cc(C(C)C)c(O)cc1O)CC2
CHEMBL3233755,33.0,=,IC50,7.48,1732261,CC(C)c1cc(C(=O)N2CCc3onc(C(=O)NCCCCCCC(=O)NO)c3C2)c(O)cc1O
CHEMBL3233754,34.0,=,IC50,7.47,1732260,CC(C)c1cc(C(=O)N2CCc3onc(C(=O)NCCCl)c3C2)c(O)cc1O
CHEMBL3233752,54.0,=,IC50,7.27,1732258,CC(C)c1cc(C(=O)N2CCc3onc(C(=O)NCCN4CCOCC4)c3C2)c(O)cc1O
CHEMBL3233753,68.0,=,IC50,7.17,1732259,CC(C)c1cc(C(=O)N2CCc3onc(C(=O)NC4CCCC4)c3C2)c(O)cc1O
CHEMBL3233485,100.0,=,IC50,7.0,1731988,CCOC(=O)c1noc2c1CN(C(=O)c1cc(C(C)C)c(O)cc1O)CC2
CHEMBL3233486,110.0,=,IC50,6.96,1731989,CCNC(=O)c1noc2c1CN(C(=O)c1cc(Cl)c(O)cc1O)CC2
CHEMBL3233483,160.0,=,IC50,6.8,1731986,CCOC(=O)c1noc2c1CN(C(=O)c1cc(Cl)c(O)cc1O)CC2
CHEMBL3233487,1200.0,=,IC50,5.92,1731990,CCNC(=O)c1noc2c1CN(C(=O)c1ccc(O)cc1O)CC2
CHEMBL3233750,1400.0,=,IC50,5.85,1732256,CCNC(=O)c1noc2c1CN(Cc1cc(Cl)c(O)cc1O)CC2
CHEMBL3233484,3900.0,=,IC50,5.41,1731987,CCOC(=O)c1noc2c1CN(C(=O)c1ccc(O)cc1O)CC2
CHEMBL3260477,630.0,=,IC50,6.2,1745426,CN1CCN(C(=O)c2cc(-n3ccc4ccccc43)c(O)cc2O)CC1
CHEMBL3260478,130.0,=,IC50,6.89,1745427,O=C(c1cc(-n2ccc3ccccc32)c(O)cc1O)N1CCc2ccccc2C1
CHEMBL3260479,330.0,=,IC50,6.48,1745428,O=C(c1cc(-n2ccc3ccccc32)c(O)cc1O)N1CCc2sccc2C1
CHEMBL3260480,38.0,=,IC50,7.42,1745429,O=C(c1cc(-n2ccc3ccccc32)c(O)cc1O)N1Cc2ccccc2C1
CHEMBL3260481,130.0,=,IC50,6.89,1745430,O=C(c1cc(-n2ccc3ncccc32)c(O)cc1O)N1Cc2ccccc2C1
CHEMBL3260482,250.0,=,IC50,6.6,1745431,O=C(c1cc(-n2ccc3cnccc32)c(O)cc1O)N1Cc2ccccc2C1
CHEMBL3260483,1500.0,=,IC50,5.82,1745432,COc1ccc2c(c1)c(CCN)cn2-c1cc(C(=O)N2Cc3ccccc3C2)c(O)cc1O
CHEMBL3260486,70.0,=,IC50,7.16,1745435,O=C(c1cc(-n2ccc3c(Br)cccc32)c(O)cc1O)N1Cc2ccccc2C1
CHEMBL3260487,39.0,=,IC50,7.41,1745436,O=C(c1cc(-n2ccc3c([N+](=O)[O-])cccc32)c(O)cc1O)N1Cc2ccccc2C1
CHEMBL3260488,130.0,=,IC50,6.89,1745437,COC(=O)c1cccc2c1ccn2-c1cc(C(=O)N2Cc3ccccc3C2)c(O)cc1O
CHEMBL3260489,620.0,=,IC50,6.21,1745438,CNC(=O)c1cccc2c1ccn2-c1cc(C(=O)N2Cc3ccccc3C2)c(O)cc1O
CHEMBL3260490,78.0,=,IC50,7.11,1745439,O=C(c1cc(-n2ccc3cc(Br)ccc32)c(O)cc1O)N1Cc2ccccc2C1
CHEMBL3260491,38.0,=,IC50,7.42,1745440,Cc1ccc2c(ccn2-c2cc(C(=O)N3Cc4ccccc4C3)c(O)cc2O)c1
CHEMBL3260492,21.0,=,IC50,7.68,1745441,O=C(c1cc(Nc2ccccc2)c(O)cc1O)N1Cc2ccccc2C1
CHEMBL3260493,71.0,=,IC50,7.15,1745442,Cc1ccc(Nc2cc(C(=O)N3Cc4ccccc4C3)c(O)cc2O)cc1
CHEMBL3260494,190.0,=,IC50,6.72,1745443,O=C(c1cc(Nc2ccc(Cl)cc2Cl)c(O)cc1O)N1Cc2ccccc2C1
CHEMBL278315,74.0,=,IC50,7.13,25906,COC1=C2C[C@@H](C)C[C@H](OC)[C@H](O)[C@@H](C)/C=C(\C)[C@H](OC(N)=O)[C@@H](OC)/C=C\C=C(/C)C(=O)NC(=CC1=O)C2=O
CHEMBL252164,8.0,=,IC50,8.1,419032,CCNC(=O)c1noc(-c2cc(C(C)C)c(O)cc2O)c1-c1ccc(CN2CCOCC2)cc1
CHEMBL3327118,890.0,=,IC50,6.05,1787942,CO[C@H]1/C=C\C=C(/C)C(=O)NC2=CC(=O)C(NCc3ccc(N)cc3)=C(C[C@@H](C)C[C@H](OC)[C@H](O)[C@@H](C)/C=C(\C)[C@@H]1OC(N)=O)C2=O
CHEMBL3327129,1040.0,=,IC50,5.98,1787953,CO[C@H]1/C=C\C=C(/C)C(=O)NC2=CC(=O)C(NCc3ccc(Cl)nc3)=C(C[C@@H](C)C[C@H](OC)[C@H](O)[C@@H](C)/C=C(\C)[C@@H]1OC(N)=O)C2=O
CHEMBL3327130,430.0,=,IC50,6.37,1787954,CO[C@H]1/C=C\C=C(/C)C(=O)NC2=CC(=O)C(NCc3ccc(C(F)(F)F)nc3)=C(C[C@@H](C)C[C@H](OC)[C@H](O)[C@@H](C)/C=C(\C)[C@@H]1OC(N)=O)C2=O
CHEMBL109480,780.0,=,IC50,6.11,183934,C=CCNC1=C2C[C@@H](C)C[C@H](OC)[C@H](O)[C@@H](C)/C=C(\C)[C@H](OC(N)=O)[C@@H](OC)/C=C\C=C(/C)C(=O)NC(=CC1=O)C2=O
CHEMBL278315,140.0,=,IC50,6.85,25906,COC1=C2C[C@@H](C)C[C@H](OC)[C@H](O)[C@@H](C)/C=C(\C)[C@H](OC(N)=O)[C@@H](OC)/C=C\C=C(/C)C(=O)NC(=CC1=O)C2=O
CHEMBL3354085,1840.0,=,IC50,5.74,1818199,COc1cc(/C=C/C(=O)N2CCC(CNC3=C4C[C@@H](C)C[C@H](OC)[C@H](O)[C@@H](C)/C=C(\C)[C@H](OC(N)=O)[C@@H](OC)/C=C\C=C(/C)C(=O)NC(=CC3=O)C4=O)CC2)ccc1O
CHEMBL3354091,970.0,=,IC50,6.01,1818206,COc1cc(/C=C/C(=O)NCCCCNC2=C3C[C@@H](C)C[C@H](OC)[C@H](O)[C@@H](C)/C=C(\C)[C@H](OC(N)=O)[C@@H](OC)/C=C\C=C(/C)C(=O)NC(=CC2=O)C3=O)ccc1O
CHEMBL3354098,470.0,=,IC50,6.33,1818213,COc1cc(/C=C/C(=O)NCCCCCCNC2=C3C[C@@H](C)C[C@H](OC)[C@H](O)[C@@H](C)/C=C(\C)[C@H](OC(N)=O)[C@@H](OC)/C=C\C=C(/C)C(=O)NC(=CC2=O)C3=O)ccc1O
CHEMBL3354124,410.0,=,IC50,6.39,1818239,COc1ccc(/C=C/C(=O)NCCCCCCNC2=C3C[C@@H](C)C[C@H](OC)[C@H](O)[C@@H](C)/C=C(\C)[C@H](OC(N)=O)[C@@H](OC)/C=C\C=C(/C)C(=O)NC(=CC2=O)C3=O)cc1OC
CHEMBL3354646,290.0,=,IC50,6.54,1818766,COc1cc(/C=C/C(=O)NCCCCCCNC2=C3C[C@@H](C)C[C@H](OC)[C@H](O)[C@@H](C)/C=C(\C)[C@H](OC(N)=O)[C@@H](OC)/C=C\C=C(/C)C(=O)NC(=CC2=O)C3=O)cc(OC)c1OC
CHEMBL278315,780.0,=,IC50,6.11,25906,COC1=C2C[C@@H](C)C[C@H](OC)[C@H](O)[C@@H](C)/C=C(\C)[C@H](OC(N)=O)[C@@H](OC)/C=C\C=C(/C)C(=O)NC(=CC1=O)C2=O
CHEMBL109480,140.0,=,IC50,6.85,183934,C=CCNC1=C2C[C@@H](C)C[C@H](OC)[C@H](O)[C@@H](C)/C=C(\C)[C@H](OC(N)=O)[C@@H](OC)/C=C\C=C(/C)C(=O)NC(=CC1=O)C2=O
CHEMBL3342585,42.0,=,IC50,7.38,1794730,COc1ccc(-c2c(-c3cc(Cl)c(O)cc3O)noc2NC(=O)C(C)(C)C)cc1
CHEMBL3342584,38.0,=,IC50,7.42,1794729,COc1ccc(-c2c(-c3cc(Cl)c(O)cc3O)noc2NC(=O)C(C)C)cc1
CHEMBL3342583,60.0,=,IC50,7.22,1794728,CCCC(=O)Nc1onc(-c2cc(Cl)c(O)cc2O)c1-c1ccc(OC)cc1
CHEMBL3342582,37.0,=,IC50,7.43,1794727,CCC(=O)Nc1onc(-c2cc(Cl)c(O)cc2O)c1-c1ccc(OC)cc1
CHEMBL3342581,70.0,=,IC50,7.16,1794726,COc1ccc(-c2c(-c3cc(Cl)c(O)cc3O)noc2NC(C)=O)cc1
CHEMBL3342580,53.0,=,IC50,7.28,1794725,COc1ccc(-c2c(-c3cc(Cl)c(O)cc3O)noc2N)cc1
CHEMBL3342586,35.0,=,IC50,7.46,1794731,COc1ccc(-c2c(-c3cc(Cl)c(O)cc3O)noc2NC(=O)CC(C)C)cc1
CHEMBL3342587,43.0,=,IC50,7.37,1794732,CCCCCCCC(=O)Nc1onc(-c2cc(Cl)c(O)cc2O)c1-c1ccc(OC)cc1
CHEMBL3342588,53.0,=,IC50,7.28,1794733,COc1ccc(-c2c(-c3cc(Cl)c(O)cc3O)noc2NC(=O)C2CC2)cc1
CHEMBL3342589,88.0,=,IC50,7.06,1794734,COc1ccc(-c2c(-c3cc(Cl)c(O)cc3O)noc2NC(=O)C2CCC2)cc1
CHEMBL3342590,44.0,=,IC50,7.36,1794735,COc1ccc(-c2c(-c3cc(Cl)c(O)cc3O)noc2NC(=O)C2CCCC2)cc1
CHEMBL3342591,180.0,=,IC50,6.75,1794736,COc1ccc(-c2c(-c3cc(Cl)c(O)cc3O)noc2NC(=O)C2CCCCC2)cc1
CHEMBL3342592,59.0,=,IC50,7.23,1794737,CCNC(=O)Nc1onc(-c2cc(Cl)c(O)cc2O)c1-c1ccc(OC)cc1
CHEMBL3342593,44.0,=,IC50,7.36,1794738,COc1ccc(-c2c(-c3cc(Br)c(O)cc3O)noc2NC(C)=O)cc1
CHEMBL3342594,140.0,=,IC50,6.85,1794739,COc1ccc(-c2c(-c3ccc(O)cc3O)noc2NC(C)=O)cc1
CHEMBL3342595,42.0,=,IC50,7.38,1794740,CCc1cc(-c2noc(NC(C)=O)c2-c2ccc(OC)cc2)c(O)cc1O
CHEMBL3342596,300.0,=,IC50,6.52,1794741,COc1ccc(-c2c(-c3cc(C(C)(C)C)c(O)cc3O)noc2NC(C)=O)cc1
CHEMBL3342597,23.0,=,IC50,7.64,1794742,COc1ccc(-c2c(-c3cc(C(C)C)c(O)cc3O)noc2NC(=O)C2CC2)cc1
CHEMBL3342720,27.0,=,IC50,7.57,1794866,CC(C)c1cc(-c2noc(NC(=O)C3CC3)c2-c2ccc(CN3CCOCC3)cc2)c(O)cc1O
CHEMBL3342721,17.0,=,IC50,7.77,1794867,CC(C)c1cc(-c2noc(NC(=O)C3CC3)c2-c2ccc(CN3CCCCC3)cc2)c(O)cc1O
CHEMBL3342722,21.0,=,IC50,7.68,1794868,CCN(CC)Cc1ccc(-c2c(-c3cc(C(C)C)c(O)cc3O)noc2NC(=O)C2CC2)cc1
CHEMBL3342723,27.0,=,IC50,7.57,1794869,CC(C)c1cc(-c2noc(NC(=O)C3CC3)c2-c2ccc(CN3CCN(C)CC3)cc2)c(O)cc1O
CHEMBL3342724,57.0,=,IC50,7.24,1794870,CC(C)c1cc(-c2noc(NC(=O)C3CC3)c2-c2ccc(CN3CCSCC3)cc2)c(O)cc1O
CHEMBL3342725,35.0,=,IC50,7.46,1794871,CC(C)c1cc(-c2noc(NC(=O)C3CC3)c2-c2ccc(CN(C(C)C)C(C)C)cc2)c(O)cc1O
CHEMBL3342726,140.0,=,IC50,6.85,1794872,CC(C)c1cc(-c2noc(NC(=O)C3CC3)c2-c2ccc(CN(C)CCc3ccccc3)cc2)c(O)cc1O
CHEMBL3342727,36.0,=,IC50,7.44,1794873,CC(C)c1cc(-c2noc(NC(=O)C3CC3)c2-c2ccc(CN3CCc4ccccc4C3)cc2)c(O)cc1O
CHEMBL3342728,29.0,=,IC50,7.54,1794874,CC1CN(Cc2ccc(-c3c(-c4cc(C(C)C)c(O)cc4O)noc3NC(=O)C3CC3)cc2)CC(C)O1
CHEMBL3342729,46.0,=,IC50,7.34,1794875,CC1CC(C)CN(Cc2ccc(-c3c(-c4cc(C(C)C)c(O)cc4O)noc3NC(=O)C3CC3)cc2)C1
CHEMBL3342730,35.0,=,IC50,7.46,1794876,CC(C)c1cc(-c2noc(NC(=O)C3CC3)c2-c2ccc(CN3CCCCC3C)cc2)c(O)cc1O
CHEMBL3342731,70.0,=,IC50,7.16,1794877,CC(C)c1cc(-c2noc(NC(=O)C3CC3)c2-c2ccc(CN3CCC(N(C)C)CC3)cc2)c(O)cc1O
CHEMBL3342732,55.0,=,IC50,7.26,1794878,CC(C)c1cc(-c2noc(NC(=O)C3CC3)c2-c2ccc(CN(C)CCN(C)C)cc2)c(O)cc1O
CHEMBL3342733,58.0,=,IC50,7.24,1794879,CC(C)c1cc(-c2noc(NC(=O)C3CC3)c2-c2ccc(CN(C)C3CCCCC3)cc2)c(O)cc1O
CHEMBL3342734,44.0,=,IC50,7.36,1794880,CC(C)c1cc(-c2noc(NC(=O)C3CC3)c2-c2ccc(CN3CCC(N4CCCC4)CC3)cc2)c(O)cc1O
CHEMBL3342735,30.0,=,IC50,7.52,1794881,CC(C)c1cc(-c2noc(NC(=O)C3CC3)c2-c2ccc(CN3CCC(N4CCOCC4)CC3)cc2)c(O)cc1O
CHEMBL3360317,27.0,=,IC50,7.57,1824494,COc1nc(-c2cc(F)ccc2[C@H]2Cc3nc(N)nc(C)c3C(=O)N2)cs1
CHEMBL3360316,140.0,=,IC50,6.85,1824493,COc1ncc(-c2cc(F)ccc2[C@H]2Cc3nc(N)nc(C)c3C(=O)N2)s1
CHEMBL3360315,300.0,=,IC50,6.52,1824492,COc1ccc(-c2cc(F)ccc2[C@H]2Cc3nc(N)nc(C)c3C(=O)N2)s1
CHEMBL3360314,24.0,=,IC50,7.62,1824491,COc1nc(-c2cc(F)ccc2[C@H]2Cc3nc(N)nc(C)c3C(=O)N2)cnc1N
CHEMBL3360313,16.0,=,IC50,7.8,1824490,COc1nc(-c2cc(F)ccc2[C@H]2Cc3nc(N)nc(C)c3C(=O)N2)cnc1C
CHEMBL3360312,10.0,=,IC50,8.0,1824489,COc1cncc(-c2cc(F)ccc2[C@H]2Cc3nc(N)nc(C)c3C(=O)N2)n1
CHEMBL3360311,9800.0,=,IC50,5.01,1824488,Cc1nc(N)nc2c1C(=O)N[C@@H](c1ccc(F)cc1-c1cccc(O)n1)C2
CHEMBL3360310,56.0,=,IC50,7.25,1824487,CCOc1cccc(-c2cc(F)ccc2[C@H]2Cc3nc(N)nc(C)c3C(=O)N2)n1
CHEMBL3360308,37.0,=,IC50,7.43,1824485,COc1cccc(-c2ccc(F)cc2[C@H]2Cc3nc(N)nc(C)c3C(=O)N2)n1
CHEMBL3360307,16.0,=,IC50,7.8,1824484,COc1ccc([C@H]2Cc3nc(N)nc(C)c3C(=O)N2)c(-c2cccc(OC)n2)c1
CHEMBL3360306,12.0,=,IC50,7.92,1824483,COc1cccc(-c2cc(C)ccc2[C@H]2Cc3nc(N)nc(C)c3C(=O)N2)n1
CHEMBL3360305,13.0,=,IC50,7.89,1824482,COc1cccc(-c2cc(F)ccc2[C@H]2Cc3nc(N)nc(C)c3C(=O)N2)n1
CHEMBL3360304,19.0,=,IC50,7.72,1824481,COc1cccc(-c2ccccc2[C@H]2Cc3nc(N)nc(C)c3C(=O)N2)n1
CHEMBL252164,25.0,=,IC50,7.6,419032,CCNC(=O)c1noc(-c2cc(C(C)C)c(O)cc2O)c1-c1ccc(CN2CCOCC2)cc1
CHEMBL3403716,86.0,=,Ki,7.07,1833940,Cc1c2c(n3c1CCOc1cc(C(N)=O)ccc1-3)CC(C)(C)CC2=O
CHEMBL3401158,235.0,=,Ki,6.63,1831356,Cc1cn(-c2ccc(C(N)=O)cc2)c2c1C(=O)CC(C)(C)C2
CHEMBL109480,29.0,=,Ki,7.54,183934,C=CCNC1=C2C[C@@H](C)C[C@H](OC)[C@H](O)[C@@H](C)/C=C(\C)[C@H](OC(N)=O)[C@@H](OC)/C=C\C=C(/C)C(=O)NC(=CC1=O)C2=O
CHEMBL3401157,370.0,=,Ki,6.43,1831355,C#CCCCN1CCc2c(C)c3c(n2-c2cc(Cl)c(C(N)=O)cc21)CC(C)(C)CC3=O
CHEMBL3401156,50.0,=,Ki,7.3,1831354,Cc1c2c(n3c1CCN(CC#N)c1cc(C(N)=O)c(Cl)cc1-3)CC(C)(C)CC2=O
CHEMBL3401155,41.0,=,Ki,7.39,1831353,Cc1c2c(n3c1CCN(Cc1ccoc1)c1cc(C(N)=O)c(Cl)cc1-3)CC(C)(C)CC2=O
CHEMBL3401154,190.0,=,Ki,6.72,1831352,CCCCCN1CCc2c(C)c3c(n2-c2cc(Cl)c(C(N)=O)cc21)CC(C)(C)CC3=O
CHEMBL3401153,86.0,=,Ki,7.07,1831351,Cc1c2c(n3c1CCN(CCC(C)C)c1cc(C(N)=O)c(Cl)cc1-3)CC(C)(C)CC2=O
CHEMBL3401152,54.0,=,Ki,7.27,1831350,C#CCN1CCc2c(C)c3c(n2-c2cc(Cl)c(C(N)=O)cc21)CC(C)(C)CC3=O
CHEMBL3401151,33.0,=,Ki,7.48,1831349,Cc1c2c(n3c1CCN(CC(C)C)c1cc(C(N)=O)c(Cl)cc1-3)CC(C)(C)CC2=O
CHEMBL3401150,110.0,=,Ki,6.96,1831348,CCCN1CCc2c(C)c3c(n2-c2cc(Cl)c(C(N)=O)cc21)CC(C)(C)CC3=O
CHEMBL3401149,213.0,=,Ki,6.67,1831347,CCN1CCc2c(C)c3c(n2-c2cc(Cl)c(C(N)=O)cc21)CC(C)(C)CC3=O
CHEMBL3401148,64.0,=,Ki,7.19,1831346,Cc1c2c(n3c1CCN(C)c1cc(C(N)=O)c(Cl)cc1-3)CC(C)(C)CC2=O
CHEMBL3401147,150.0,=,Ki,6.82,1831345,Cc1c2c(n3c1CCNc1cc(C(N)=O)c(Cl)cc1-3)CC(C)(C)CC2=O
CHEMBL3403719,111.0,=,Ki,6.96,1833943,Cc1c2c(n3c1CCOc1cc(C(N)=O)c(Cl)cc1-3)CC(C)(C)CC2=O
CHEMBL3403718,60.0,=,Ki,7.22,1833942,Cc1c2c(n3c1CC(C)Oc1cc(C(N)=O)ccc1-3)CC(C)(C)CC2=O
CHEMBL3403717,115.0,=,Ki,6.94,1833941,CCCC1Cc2c(C)c3c(n2-c2cc(Cl)c(C(N)=O)cc2O1)CC(C)(C)CC3=O
CHEMBL364450,60400.0,=,IC50,4.22,320907,C#CCCCn1c(Sc2cc(Cl)ccc2Cl)nc2c(N)ncnc21
CHEMBL3426736,8300.0,=,IC50,5.08,1844122,C#CCCCn1c(Sc2cc(Cl)nc(Cl)c2)nc2c(N)ncnc21
CHEMBL3426738,1960.0,=,IC50,5.71,1844124,C#CCCCn1c(Sc2ccc(Cl)c(Cl)c2)nc2c(N)ncnc21
CHEMBL3426739,15970.0,=,IC50,4.8,1844125,C#CCCCn1c(Sc2ccc(Cl)c(Cl)c2Cl)nc2c(N)ncnc21
CHEMBL200102,43.0,=,IC50,7.37,335628,CC(C)NCCCn1c(Sc2cc3c(cc2I)OCO3)nc2c(N)ncnc21
CHEMBL3426759,24900.0,=,IC50,4.6,1844145,C#CCCCn1c([S+]([O-])c2ccc(Cl)cc2Cl)nc2c(N)ncnc21
CHEMBL3426780,20300.0,=,IC50,4.69,1844166,CC(C)NCCCn1c(Sc2ccc(Cl)cc2Cl)nc2c(N)ncnc21
CHEMBL3426781,27300.0,=,IC50,4.56,1844167,CC(C)NCCCn1c(Sc2cc(Cl)cc(Cl)c2)nc2c(N)ncnc21
CHEMBL3426784,28.0,=,IC50,7.55,1844170,CC(C)NCCCn1c(Sc2cc3c(cc2I)OCO3)nc2c(N)nccc21
CHEMBL3426785,100.0,=,IC50,7.0,1844171,CC(C)NCCCn1c(Sc2cc3c(cc2N(C)C)OCO3)nc2c(N)ncnc21
CHEMBL3426787,14000.0,=,IC50,4.85,1844173,COC(=O)c1c(O)cc(O)c(Cl)c1CCc1nccn1Cc1ccccc1
CHEMBL3600800,66.0,=,IC50,7.18,1955688,CCNC(=O)c1noc(-c2cc(C(C)C)c(O)cc2O)c1C#CC(C)(C)NC(=O)c1ccc(F)nc1
CHEMBL3600799,121.0,=,IC50,6.92,1955687,CCNC(=O)c1noc(-c2cc(C(C)C)c(O)cc2O)c1C#CC(C)(C)NC(=O)c1ccc(C(F)(F)F)nc1
CHEMBL3600798,57.0,=,IC50,7.24,1955686,CCNC(=O)c1noc(-c2cc(C(C)C)c(O)cc2O)c1C#CC(C)(C)NC(=O)c1ccc(OC)nc1
CHEMBL3600797,69.0,=,IC50,7.16,1955685,CCNC(=O)c1noc(-c2cc(C(C)C)c(O)cc2O)c1C#CC(C)(C)NC(=O)c1cnc2ccccc2c1
CHEMBL3600796,295.0,=,IC50,6.53,1955684,CCNC(=O)c1noc(-c2cc(C(C)C)c(O)cc2O)c1C#CC(C)(C)NC(=O)c1ccc(C)nc1
CHEMBL3600795,40.0,=,IC50,7.4,1955683,CCNC(=O)c1noc(-c2cc(C(C)C)c(O)cc2O)c1C#CC(C)(C)NC(=O)c1cccnc1
CHEMBL3600794,1660.0,=,IC50,5.78,1955682,CCNC(=O)c1noc(-c2cc(C(C)C)c(O)cc2O)c1C#CC(C)(C)NC(=O)c1ccc(C(F)(F)F)cc1
CHEMBL3600793,546.0,=,IC50,6.26,1955681,CCNC(=O)c1noc(-c2cc(C(C)C)c(O)cc2O)c1C#CC(C)(C)NCc1ccc(C(F)(F)F)cc1
CHEMBL3600792,108.0,=,IC50,6.97,1955680,CCNC(=O)c1noc(-c2cc(C(C)C)c(O)cc2O)c1C#CC(C)(C)NC(=O)c1ccco1
CHEMBL3600791,471.0,=,IC50,6.33,1955679,CCNC(=O)c1noc(-c2cc(C(C)C)c(O)cc2O)c1C#CC(C)(C)NC(=O)N1CCOCC1
CHEMBL3600790,307.0,=,IC50,6.51,1955678,CCNC(=O)c1noc(-c2cc(C(C)C)c(O)cc2O)c1C#CC(C)(C)NC(=O)N(C)C
CHEMBL3600789,99.0,=,IC50,7.0,1955677,CCNC(=O)c1noc(-c2cc(C(C)C)c(O)cc2O)c1C#CC(C)(C)NC(=O)C1CCCCC1
CHEMBL3600387,183.0,=,IC50,6.74,1955400,CCNC(=O)c1noc(-c2cc(C(C)C)c(O)cc2O)c1C#CC(C)(C)NC(=O)C1CCCC1
CHEMBL3600514,127.0,=,IC50,6.9,1955399,CCNC(=O)c1noc(-c2cc(C(C)C)c(O)cc2O)c1C#CC(C)(C)NC(=O)C1CC1
CHEMBL3600513,50.0,=,IC50,7.3,1955398,CCNC(=O)c1noc(-c2cc(C(C)C)c(O)cc2O)c1C#CC(C)(C)NC(C)=O
CHEMBL3600512,78.0,=,IC50,7.11,1955397,CCNC(=O)c1noc(-c2cc(C(C)C)c(O)cc2O)c1C#CC(C)(C)NS(=O)(=O)c1ccc(C)cc1
CHEMBL3600511,120.0,=,IC50,6.92,1955396,CCNC(=O)c1noc(-c2cc(C(C)C)c(O)cc2O)c1C#CC(C)(C)NS(C)(=O)=O
CHEMBL3600510,1660.0,=,IC50,5.78,1955395,CCNC(=O)c1noc(-c2cc(C(C)C)c(O)cc2O)c1C#CCNC(=O)c1cnc2ccccc2c1
CHEMBL3600509,546.0,=,IC50,6.26,1955394,CCNC(=O)c1noc(-c2cc(C(C)C)c(O)cc2O)c1C#CCNC(=O)c1ccc2ccccc2c1
CHEMBL3600508,66.0,=,IC50,7.18,1955393,CCNC(=O)c1noc(-c2cc(C(C)C)c(O)cc2O)c1C#CCNC(=O)c1ccc(C(F)(F)F)nc1
CHEMBL3600507,207.0,=,IC50,6.68,1955392,CCNC(=O)c1noc(-c2cc(C(C)C)c(O)cc2O)c1C#CCNC(=O)c1ccc(C(F)(F)F)cc1
CHEMBL3600506,45.0,=,IC50,7.35,1955391,CCNC(=O)c1noc(-c2cc(C(C)C)c(O)cc2O)c1C#CN1CCN(C(=O)c2ccc(C(F)(F)F)nc2)CC1
CHEMBL3600505,144.0,=,IC50,6.84,1955390,CCNC(=O)c1noc(-c2cc(C(C)C)c(O)cc2O)c1C#CN1CCC(NC(=O)c2ccc(C(F)(F)F)nc2)CC1
CHEMBL3600504,114.0,=,IC50,6.94,1955389,CCNC(=O)c1noc(-c2cc(C(C)C)c(O)cc2O)c1C#CCN1CCSCC1
CHEMBL3600503,28.0,=,IC50,7.55,1955388,CCNC(=O)c1noc(-c2cc(C(C)C)c(O)cc2O)c1C#CCN1CCS(=O)(=O)CC1
CHEMBL3600502,91.0,=,IC50,7.04,1955387,CCNC(=O)c1noc(-c2cc(C(C)C)c(O)cc2O)c1C#CCN1C[C@H](C)O[C@H](C)C1
CHEMBL3600501,48.0,=,IC50,7.32,1955386,CCNC(=O)c1noc(-c2cc(C(C)C)c(O)cc2O)c1C#CCN1CCC(=NOC)CC1
CHEMBL3600500,66.0,=,IC50,7.18,1955385,CCNC(=O)c1noc(-c2cc(C(C)C)c(O)cc2O)c1C#CCN1CCOCC1
CHEMBL3600499,33.0,=,IC50,7.48,1955384,CCNC(=O)c1noc(-c2cc(C(C)C)c(O)cc2O)c1C#CC1CC1
CHEMBL3600498,54.0,=,IC50,7.27,1955383,CCNC(=O)c1noc(-c2cc(C(C)C)c(O)cc2O)c1C#CC1CCCC1
CHEMBL3600497,152.0,=,IC50,6.82,1955382,CCNC(=O)c1noc(-c2cc(C(C)C)c(O)cc2O)c1C#CC1CCCCC1
CHEMBL3600496,125.0,=,IC50,6.9,1955381,CCNC(=O)c1noc(-c2cc(C(C)C)c(O)cc2O)c1C#Cc1ccccc1
CHEMBL3600495,347.0,=,IC50,6.46,1955380,CCNC(=O)c1noc(-c2cc(C(C)C)c(O)cc2O)c1C#Cc1ccc(C(C)(C)C)cc1
CHEMBL3600494,45.0,=,IC50,7.35,1955379,CC(C)NC(=O)c1noc(-c2cc(C(C)C)c(O)cc2O)c1C#Cc1ccccc1
CHEMBL3600435,108.0,=,IC50,6.97,1955320,CC(C)NC(=O)c1noc(-c2cc(C(C)C)c(O)cc2O)c1C#CCN1CCOCC1
CHEMBL3600434,66.0,=,IC50,7.18,1955319,CC(C)c1cc(-c2onc(C(N)=O)c2C#CCN2CCOCC2)c(O)cc1O
CHEMBL252164,59.0,=,IC50,7.23,419032,CCNC(=O)c1noc(-c2cc(C(C)C)c(O)cc2O)c1-c1ccc(CN2CCOCC2)cc1
CHEMBL3426787,13100.0,=,Kd,4.88,1844173,COC(=O)c1c(O)cc(O)c(Cl)c1CCc1nccn1Cc1ccccc1
CHEMBL3805570,23400.0,=,Kd,4.63,2086034,COC(=O)c1c(O)cc(O)c(Cl)c1CCc1nccn1Cc1ccc(F)cc1
CHEMBL3804944,12100.0,=,Kd,4.92,2086035,COC(=O)c1c(O)cc(O)c(Cl)c1CCc1nccn1Cc1ccc(Cl)cc1
CHEMBL3805621,12500.0,=,Kd,4.9,2086036,COC(=O)c1c(O)cc(O)c(Cl)c1CCc1nccn1Cc1ccc(Br)cc1
CHEMBL3805286,25200.0,=,Kd,4.6,2086038,COC(=O)c1c(O)cc(O)c(Cl)c1CCc1nccn1Cc1ccc(C)cc1
CHEMBL3805432,18200.0,=,Kd,4.74,2086545,COC(=O)c1c(O)cc(O)c(Cl)c1CCc1nccn1Cc1ccc(C#N)cc1
CHEMBL3806136,15800.0,=,Kd,4.8,2086546,C#Cc1ccc(Cn2ccnc2CCc2c(Cl)c(O)cc(O)c2C(=O)OC)cc1
CHEMBL3805920,9630.0,=,Kd,5.02,2086554,COC(=O)c1c(O)cc(O)c(Cl)c1CCc1nccn1Cc1cccc(F)c1
CHEMBL3806252,11400.0,=,Kd,4.94,2086651,COC(=O)c1c(O)cc(O)c(Cl)c1CCc1nccn1Cc1ccccc1F
CHEMBL3805874,8470.0,=,Kd,5.07,2086652,COC(=O)c1c(O)cc(O)c(Cl)c1CCc1nccn1Cc1ccccc1Cl
CHEMBL3804985,21100.0,=,Kd,4.68,2086653,COC(=O)c1c(O)cc(O)c(Cl)c1CCc1nccn1Cc1ccccc1Br
CHEMBL3805571,68100.0,=,Kd,4.17,2086654,COC(=O)c1c(O)cc(O)c(Cl)c1CCc1nccn1Cc1ccccc1C
CHEMBL3805121,53900.0,=,Kd,4.27,2086656,COC(=O)c1c(O)cc(O)c(Cl)c1CCc1nccn1Cc1ccccc1OC
CHEMBL3805146,38800.0,=,Kd,4.41,2086657,CCc1ccccc1Cn1ccnc1CCc1c(Cl)c(O)cc(O)c1C(=O)OC
CHEMBL3805249,8100.0,=,Kd,5.09,2086658,CCOc1ccccc1Cn1ccnc1CCc1c(Cl)c(O)cc(O)c1C(=O)OC
CHEMBL3805415,240.0,=,Kd,6.62,2086659,COC(=O)c1c(O)cc(O)c(Cl)c1CCc1nccn1Cc1ccccc1OC(C)C
CHEMBL3805519,2300.0,=,Kd,5.64,2086660,CCCOc1ccccc1Cn1ccnc1CCc1c(Cl)c(O)cc(O)c1C(=O)OC
CHEMBL3806120,19300.0,=,Kd,4.71,2086661,COC(=O)c1c(O)cc(O)c(Cl)c1CCc1nccn1Cc1ccccc1C(F)(F)F
CHEMBL3805792,72500.0,=,Kd,4.14,2086662,COC(=O)c1c(O)cc(O)c(Cl)c1CCc1nccn1Cc1ccc(C)cc1OC
CHEMBL3805526,3770.0,=,Kd,5.42,2086663,COC(=O)c1c(O)cc(O)c(Cl)c1CCc1nccn1Cc1ccoc1
CHEMBL3805027,5910.0,=,Kd,5.23,2086664,COC(=O)c1c(O)cc(O)c(Cl)c1CCc1nccn1Cc1ccco1
CHEMBL3805428,26600.0,=,Kd,4.58,2086665,COC(=O)c1c(O)cc(O)c(Cl)c1CCc1nccn1Cc1ccc(C)o1
CHEMBL3804872,8310.0,=,Kd,5.08,2086666,COC(=O)c1c(O)cc(O)c(Cl)c1CCc1nccn1Cc1ccc(Cl)o1
CHEMBL3805794,9200.0,=,Kd,5.04,2086667,COC(=O)c1c(O)cc(O)c(Cl)c1CCc1nccn1Cc1oc(C)cc1C
CHEMBL3805768,3920.0,=,Kd,5.41,2086668,COC(=O)c1c(O)cc(O)c(Cl)c1CCc1nccn1Cc1cccs1
CHEMBL3805004,6540.0,=,Kd,5.18,2086669,COC(=O)c1c(O)cc(O)c(Cl)c1CCc1nccn1Cc1ccsc1
CHEMBL3804875,5130.0,=,Kd,5.29,2086670,COC(=O)c1c(O)cc(O)c(Cl)c1CCc1nccn1Cc1ccc(C)s1
CHEMBL3805965,34700.0,=,Kd,4.46,2086671,COC(=O)c1c(O)cc(O)c(Cl)c1CCc1nccn1Cc1ccc(Cl)s1
CHEMBL3805824,1800.0,=,Kd,5.75,2086672,COC(=O)c1c(O)cc(O)c(Cl)c1CCc1nccn1Cc1cc(Cl)cs1
CHEMBL3804981,3160.0,=,Kd,5.5,2086673,COC(=O)c1c(O)cc(O)c(Cl)c1CCc1nccn1Cc1sccc1Cl
CHEMBL3804936,810.0,=,Kd,6.09,2085387,COC(=O)c1c(O)cc(O)c(Cl)c1CCc1nccn1Cc1ccno1
CHEMBL3805853,16000.0,=,Kd,4.8,2085388,COC(=O)c1c(O)cc(O)c(Cl)c1CCc1nccn1Cc1nccs1
CHEMBL3805350,36700.0,=,Kd,4.43,2085389,C=Cc1ccsc1Cn1ccnc1CCc1c(Cl)c(O)cc(O)c1C(=O)OC
CHEMBL3805612,7500.0,=,Kd,5.12,2085390,C=Cc1ccoc1Cn1ccnc1CCc1c(Cl)c(O)cc(O)c1C(=O)OC
CHEMBL3805991,6940.0,=,Kd,5.16,2085391,CCc1ccsc1Cn1ccnc1CCc1c(Cl)c(O)cc(O)c1C(=O)OC
CHEMBL3805110,9920.0,=,Kd,5.0,2085392,COC(=O)c1c(O)cc(O)c(Cl)c1CCc1nccn1Cc1ccccn1
CHEMBL3804958,5410.0,=,Kd,5.27,2085393,COC(=O)c1c(O)cc(O)c(Cl)c1CCc1nccn1Cc1cccnc1
CHEMBL3805858,9920.0,=,Kd,5.0,2085395,COC(=O)c1c(O)cc(O)c(Cl)c1CCc1nccn1Cc1cncnc1
CHEMBL3932805,3000.0,=,Kd,5.52,2142176,CCOC(=O)c1ccc(-c2c(-c3cc(CC)c(O)cc3O)n[nH]c2C)o1
CHEMBL1417829,2000.0,=,Kd,5.7,841713,CCCc1cc(C(=O)Cc2ccc(C(=O)OCC)o2)c(O)cc1O
CHEMBL3908971,20000.0,=,Kd,4.7,2118342,CCc1cc(C(=O)Cc2ccc(OC)cc2)c(O)cc1O
CHEMBL3891745,36.0,=,IC50,7.44,2101116,COc1c(C)cnc(Cn2cc(Cc3ccccc3)c3c(Cl)nc(N)nc32)c1C
CHEMBL3910684,51.0,=,IC50,7.29,2120055,COc1c(C)cnc(Cn2cc(Cc3cccc(C)c3)c3c(Cl)nc(N)nc32)c1C
CHEMBL3929614,58.0,=,IC50,7.24,2138985,COc1c(C)cnc(Cn2cc(Cc3ccc(C)cc3)c3c(Cl)nc(N)nc32)c1C
CHEMBL3901656,94.0,=,IC50,7.03,2111027,COc1ccc(Cc2cn(Cc3ncc(C)c(OC)c3C)c3nc(N)nc(Cl)c23)cc1
CHEMBL3922135,79.0,=,IC50,7.1,2131506,COc1cc(Cc2cn(Cc3ncc(C)c(OC)c3C)c3nc(N)nc(Cl)c23)ccc1Br
CHEMBL3966260,8700.0,=,IC50,5.06,2175631,COc1c(C)cnc(Cn2cc(Cc3cccc(C(F)(F)F)c3)c3c(Cl)nc(N)nc32)c1C
CHEMBL3940517,48.0,=,IC50,7.32,2149888,COc1c(C)cnc(Cn2cc(Cc3ccc(Cl)cc3)c3c(Cl)nc(N)nc32)c1C
CHEMBL3958985,650.0,=,IC50,6.19,2168356,Nc1nc(Cl)c2c(Cc3ccccc3)cn(Cc3cc4c(cc3Br)OCO4)c2n1
CHEMBL3922571,750.0,=,IC50,6.12,2131942,Nc1nc(Cl)c2c(Cc3ccccc3)cn(Cc3cc4c(cc3I)OCO4)c2n1
CHEMBL467399,29.0,=,IC50,7.54,495617,COc1c(C)cnc(Cn2cnc3c(Cl)nc(N)nc32)c1C
CHEMBL200102,51.0,=,IC50,7.29,335628,CC(C)NCCCn1c(Sc2cc3c(cc2I)OCO3)nc2c(N)ncnc21
CHEMBL109480,56.0,=,IC50,7.25,183934,C=CCNC1=C2C[C@@H](C)C[C@H](OC)[C@H](O)[C@@H](C)/C=C(\C)[C@H](OC(N)=O)[C@@H](OC)/C=C\C=C(/C)C(=O)NC(=CC1=O)C2=O
CHEMBL3935883,50.3,=,IC50,7.3,2145254,CC(C)c1cc(C(=O)N2CCc3sccc3C2)c(O)cc1O
CHEMBL3922964,480.8,=,IC50,6.32,2132335,O=C(c1cc(Cl)c(O)cc1O)N1CCN(c2ccccc2)CC1
CHEMBL3950691,135.9,=,IC50,6.87,2160062,O=C(c1cc(Cl)c(O)cc1O)N1CCc2ccsc2C1
CHEMBL3913987,183.3,=,IC50,6.74,2123358,O=C(c1cc(Cl)c(O)cc1O)N1CCc2ccccc2C1
CHEMBL3901758,5.018,=,Kd,8.3,2111129,Cc1cccc(Cc2n[nH]c3cc(O)c(C(=O)N(C)c4ccc(N5CCNCC5)cc4)cc23)c1
CHEMBL3899564,8.895,=,Kd,8.05,2108935,Cc1ccc(N(C)C(=O)c2cc3c(Cc4cccc(C)c4)n[nH]c3cc2O)cc1
CHEMBL3889584,10.97,=,Kd,7.96,2098955,Nc1nc(C(=O)N2Cc3ccccc3C2)c2cc(-c3cc(F)c(F)cc3Cc3nnn[nH]3)ccc2n1
CHEMBL3902156,6.872,=,Kd,8.16,2111527,Cc1cccc(Cc2n[nH]c3cc(O)c(C(=O)N(C)c4ccc(N(C)C)cc4)cc23)c1
CHEMBL3896847,5.426,=,Kd,8.27,2106218,Cc1cccc(Cc2n[nH]c3cc(O)c(C(=O)N(C)c4ccccc4)cc23)c1
CHEMBL3889463,2.289,=,Kd,8.64,2098834,Cc1cccc(Cc2n[nH]c3cc(O)c(C(=O)N(C)c4ccc(N5CCN(C)CC5)cc4)cc23)c1
CHEMBL3966607,6.163,=,Kd,8.21,2175978,Cc1cccc(Cc2n[nH]c3cc(O)c(C(=O)N(C)c4ccc5c(c4)OCO5)cc23)c1
CHEMBL3937274,2.396,=,Kd,8.62,2146645,Cc1cccc(Cc2n[nH]c3cc(O)c(C(=O)N(C)c4ccc(N5CCOCC5)cc4)cc23)c1
CHEMBL3892221,0.418,=,Kd,9.38,2101592,Cc1cccc(Cc2n[nH]c3cc(O)c(C(=O)N(C)c4ccc(N5CCOCC5=O)cc4)cc23)c1
CHEMBL3943106,16.62,=,Kd,7.78,2152477,CCCN(C)S(=O)(=O)c1cc(-c2n[nH]c(=O)n2-c2ccccc2F)c(O)cc1O
CHEMBL3903964,15.98,=,Kd,7.8,2113335,Cc1ccccc1-n1c(-c2cc(C(=O)N(C)Cc3ccccc3)c(O)cc2O)n[nH]c1=O
CHEMBL3906838,4.167,=,Kd,8.38,2116209,Cc1ccccc1-n1nccc1-c1cc(C(=O)N(C)Cc2ccco2)c(O)cc1O
CHEMBL3945793,12.65,=,Kd,7.9,2155164,CCCCN(C)C(=O)c1cc(-c2n[nH]c(=O)n2-c2ccccc2F)c(O)cc1O
CHEMBL3889899,843.9,=,Kd,6.07,2099270,Cc1ccccc1-n1c(-c2ccc(O)cc2O)n[nH]c1=O
CHEMBL3907641,13.55,=,Kd,7.87,2117012,Cc1ccccc1-n1c(-c2cc(C(=O)N(C)Cc3cccs3)c(O)cc2O)n[nH]c1=O
CHEMBL3943099,2.71,=,Kd,8.57,2152470,CN(Cc1ccco1)C(=O)c1cc(-c2n[nH]c(=O)n2-c2ccccc2F)c(O)cc1O
CHEMBL3898029,163.02,=,Kd,6.79,2107400,O=c1[nH]nc(-c2cc(Br)c(O)cc2O)n1-c1ccccc1F
CHEMBL3954287,9.462,=,Kd,8.02,2163658,CCCCN(C)C(=O)c1cc(-c2n[nH]c(=O)n2-c2ccccc2)c(O)cc1O
CHEMBL3912563,49.54,=,Kd,7.3,2121934,CCCCCCN(C)C(=O)c1cc(-c2ccnn2-c2ccccc2C)c(O)cc1O
CHEMBL3985693,1018.06,=,Kd,5.99,2195064,CC(C)N(C)S(=O)(=O)c1cc(-c2n[nH]c(=O)n2-c2ccccc2F)c(O)cc1O
CHEMBL3911783,40.16,=,Kd,7.4,2121154,CCc1ccccc1-n1c(-c2ccc(O)cc2O)n[nH]c1=O
CHEMBL3970310,26.06,=,Kd,7.58,2179681,CCc1cc(-c2n[nH]c(C)c2-c2ccccc2F)c(O)cc1O
CHEMBL3914091,283.62,=,Kd,6.55,2123462,Cc1ccccc1-n1c(-c2cc(C(=O)N(C)CC3CCCO3)c(O)cc2O)n[nH]c1=O
CHEMBL3903964,12.14,=,Kd,7.92,2113335,Cc1ccccc1-n1c(-c2cc(C(=O)N(C)Cc3ccccc3)c(O)cc2O)n[nH]c1=O
CHEMBL3908022,72.13,=,Kd,7.14,2117393,CCCN(C)C(=O)c1cc(-c2n[nH]c(=O)n2-c2ccccc2F)c(O)cc1O
CHEMBL3889899,97.27,=,Kd,7.01,2099270,Cc1ccccc1-n1c(-c2ccc(O)cc2O)n[nH]c1=O
CHEMBL3945793,16.97,=,Kd,7.77,2155164,CCCCN(C)C(=O)c1cc(-c2n[nH]c(=O)n2-c2ccccc2F)c(O)cc1O
CHEMBL3898029,17.79,=,Kd,7.75,2107400,O=c1[nH]nc(-c2cc(Br)c(O)cc2O)n1-c1ccccc1F
CHEMBL3956397,35.07,=,Kd,7.46,2165768,CCCc1cc(-c2n[nH]cc2-c2ccc3c(c2)OCCO3)c(O)cc1O
CHEMBL3943106,179.95,=,Kd,6.75,2152477,CCCN(C)S(=O)(=O)c1cc(-c2n[nH]c(=O)n2-c2ccccc2F)c(O)cc1O
CHEMBL3906838,1.56,=,Kd,8.81,2116209,Cc1ccccc1-n1nccc1-c1cc(C(=O)N(C)Cc2ccco2)c(O)cc1O
CHEMBL3895370,143.22,=,Kd,6.84,2104741,O=c1[nH]nc(-c2ccc(O)cc2O)n1-c1ccccc1F
CHEMBL3907641,5.53,=,Kd,8.26,2117012,Cc1ccccc1-n1c(-c2cc(C(=O)N(C)Cc3cccs3)c(O)cc2O)n[nH]c1=O
CHEMBL3958803,129.91,=,Kd,6.89,2168174,CCCN(C)C(=O)c1cc(-c2n[nH]c(=O)n2-c2ccccc2C)c(O)cc1O
CHEMBL3960891,59.62,=,Kd,7.22,2170262,Oc1cc(O)c(-c2ccnn2-c2ccccc2F)cc1I
CHEMBL3961493,661.65,=,Kd,6.18,2170864,CC(C)N(C)S(=O)(=O)c1cc(-c2n[nH]c(=O)n2-c2ccccc2Cl)c(O)cc1O
CHEMBL3909055,32.95,=,Kd,7.48,2118426,O=c1[nH]nc(-c2ccc(O)cc2O)n1-c1ccccc1Cl
CHEMBL3912563,67.44,=,Kd,7.17,2121934,CCCCCCN(C)C(=O)c1cc(-c2ccnn2-c2ccccc2C)c(O)cc1O
CHEMBL3889899,323.85,=,Kd,6.49,2099270,Cc1ccccc1-n1c(-c2ccc(O)cc2O)n[nH]c1=O
CHEMBL3907641,6.21,=,Kd,8.21,2117012,Cc1ccccc1-n1c(-c2cc(C(=O)N(C)Cc3cccs3)c(O)cc2O)n[nH]c1=O
CHEMBL3908022,54.99,=,Kd,7.26,2117393,CCCN(C)C(=O)c1cc(-c2n[nH]c(=O)n2-c2ccccc2F)c(O)cc1O
CHEMBL3914091,21.05,=,Kd,7.68,2123462,Cc1ccccc1-n1c(-c2cc(C(=O)N(C)CC3CCCO3)c(O)cc2O)n[nH]c1=O
CHEMBL3945793,8.723,=,Kd,8.06,2155164,CCCCN(C)C(=O)c1cc(-c2n[nH]c(=O)n2-c2ccccc2F)c(O)cc1O
CHEMBL3898029,236.62,=,Kd,6.63,2107400,O=c1[nH]nc(-c2cc(Br)c(O)cc2O)n1-c1ccccc1F
CHEMBL3943099,4.3,=,Kd,8.37,2152470,CN(Cc1ccco1)C(=O)c1cc(-c2n[nH]c(=O)n2-c2ccccc2F)c(O)cc1O
CHEMBL3960891,1662.67,=,Kd,5.78,2170262,Oc1cc(O)c(-c2ccnn2-c2ccccc2F)cc1I
CHEMBL3911783,255.38,=,Kd,6.59,2121154,CCc1ccccc1-n1c(-c2ccc(O)cc2O)n[nH]c1=O
CHEMBL3985693,290.0,=,Kd,6.54,2195064,CC(C)N(C)S(=O)(=O)c1cc(-c2n[nH]c(=O)n2-c2ccccc2F)c(O)cc1O
CHEMBL3958803,27.73,=,Kd,7.56,2168174,CCCN(C)C(=O)c1cc(-c2n[nH]c(=O)n2-c2ccccc2C)c(O)cc1O
CHEMBL3909055,222.62,=,Kd,6.65,2118426,O=c1[nH]nc(-c2ccc(O)cc2O)n1-c1ccccc1Cl
CHEMBL3906838,1.704,=,Kd,8.77,2116209,Cc1ccccc1-n1nccc1-c1cc(C(=O)N(C)Cc2ccco2)c(O)cc1O
CHEMBL3956397,5749.5,=,Kd,5.24,2165768,CCCc1cc(-c2n[nH]cc2-c2ccc3c(c2)OCCO3)c(O)cc1O
CHEMBL3954287,8.801,=,Kd,8.05,2163658,CCCCN(C)C(=O)c1cc(-c2n[nH]c(=O)n2-c2ccccc2)c(O)cc1O
CHEMBL3906699,4.082,=,Kd,8.39,2116070,Cc1cccc(CN(C)C(=O)c2cc(-c3n[nH]c(=O)n3-c3ccccc3C)c(O)cc2O)c1
CHEMBL3895370,553.05,=,Kd,6.26,2104741,O=c1[nH]nc(-c2ccc(O)cc2O)n1-c1ccccc1F
CHEMBL3903964,4.005,=,Kd,8.4,2113335,Cc1ccccc1-n1c(-c2cc(C(=O)N(C)Cc3ccccc3)c(O)cc2O)n[nH]c1=O
CHEMBL3961493,261.7,=,Kd,6.58,2170864,CC(C)N(C)S(=O)(=O)c1cc(-c2n[nH]c(=O)n2-c2ccccc2Cl)c(O)cc1O
CHEMBL3943106,13.9,=,Kd,7.86,2152477,CCCN(C)S(=O)(=O)c1cc(-c2n[nH]c(=O)n2-c2ccccc2F)c(O)cc1O
CHEMBL3940529,7964.0,=,Kd,5.1,2149900,CCc1cc(-c2n[nH]c(C)c2-c2ccccc2Cl)c(O)cc1O
CHEMBL3906698,5.957,=,Kd,8.22,2116069,CCCCN(C)C(=O)c1n[nH]c2cc(O)c(C(=O)N(C)c3ccc(N4CCOCC4)cc3)cc12
CHEMBL3907641,3.807,=,Kd,8.42,2117012,Cc1ccccc1-n1c(-c2cc(C(=O)N(C)Cc3cccs3)c(O)cc2O)n[nH]c1=O
CHEMBL3899839,162.32,=,Kd,6.79,2109210,CCC(O)c1n[nH]c2cc(O)c(C(=O)N(C)c3ccc(N4CCOCC4)cc3)cc12
CHEMBL192894,901.8,=,Kd,6.04,317090,COc1ccc(-c2c(-c3ccc(O)cc3O)n[nH]c2C)cc1
CHEMBL3899564,39.06,=,Kd,7.41,2108935,Cc1ccc(N(C)C(=O)c2cc3c(Cc4cccc(C)c4)n[nH]c3cc2O)cc1
CHEMBL3973430,195.3,=,Kd,6.71,2182801,COC1CCCN(C(=O)c2n[nH]c3cc(O)c(C(=O)N(C)c4ccc(N5CCOCC5)cc4)cc23)C1
CHEMBL3916782,82.33,=,Kd,7.08,2126153,COC1CCN(C(=O)c2n[nH]c3cc(O)c(C(=O)N(C)c4ccc(N5CCOCC5)cc4)cc23)C1
CHEMBL3973782,737.5,=,Kd,6.13,2183153,Cc1ccc2nc(N)nc(C(=O)N3Cc4ccc(Br)cc4C3)c2c1
CHEMBL3889463,3.567,=,Kd,8.45,2098834,Cc1cccc(Cc2n[nH]c3cc(O)c(C(=O)N(C)c4ccc(N5CCN(C)CC5)cc4)cc23)c1
CHEMBL3892221,8.402,=,Kd,8.08,2101592,Cc1cccc(Cc2n[nH]c3cc(O)c(C(=O)N(C)c4ccc(N5CCOCC5=O)cc4)cc23)c1
CHEMBL3920953,3.797,=,Kd,8.42,2130324,COc1ccccc1CN(C)C(=O)c1cc(-c2n[nH]c(=O)n2-c2ccccc2C)c(O)cc1O
CHEMBL3969362,1239.33,=,Kd,5.91,2178733,Cc1cccc(Cc2n[nH]c3cc(O)c(C(=O)N(C)Cc4ccc(Cl)cc4)cc23)c1
CHEMBL3943099,0.721,=,Kd,9.14,2152470,CN(Cc1ccco1)C(=O)c1cc(-c2n[nH]c(=O)n2-c2ccccc2F)c(O)cc1O
CHEMBL3901758,4.586,=,Kd,8.34,2111129,Cc1cccc(Cc2n[nH]c3cc(O)c(C(=O)N(C)c4ccc(N5CCNCC5)cc4)cc23)c1
CHEMBL3966503,484.9,=,Kd,6.31,2175874,CN(C(=O)c1cc2c(C(=O)N3CCOCC3)n[nH]c2cc1O)c1ccc(N2CCOCC2)cc1
CHEMBL3898024,11.02,=,Kd,7.96,2107395,Cc1cnc(Cn2ccc3c(Cl)nc(N)nc32)c(C)c1Cl
CHEMBL2042857,1547.67,=,Kd,5.81,1349292,CN(Cc1ccc(Cl)cc1)C(=O)c1cc2c(Cc3ccccc3)n[nH]c2cc1O
CHEMBL3970310,513.83,=,Kd,6.29,2179681,CCc1cc(-c2n[nH]c(C)c2-c2ccccc2F)c(O)cc1O
CHEMBL3982842,235.99,=,Kd,6.63,2192213,Oc1cc(O)c(-c2ccnn2-c2ccccc2Cl)cc1CCc1ccccn1
CHEMBL200102,7.62,=,Kd,8.12,335628,CC(C)NCCCn1c(Sc2cc3c(cc2I)OCO3)nc2c(N)ncnc21
CHEMBL3943106,86.6,=,Kd,7.06,2152477,CCCN(C)S(=O)(=O)c1cc(-c2n[nH]c(=O)n2-c2ccccc2F)c(O)cc1O
CHEMBL3933681,2827.0,=,Kd,5.55,2143052,COc1ccc2c(c1)CN(C(=O)c1nc(N)nc3ccc(C)cc13)C2
CHEMBL3908022,23.61,=,Kd,7.63,2117393,CCCN(C)C(=O)c1cc(-c2n[nH]c(=O)n2-c2ccccc2F)c(O)cc1O
CHEMBL3895370,95.6,=,Kd,7.02,2104741,O=c1[nH]nc(-c2ccc(O)cc2O)n1-c1ccccc1F
CHEMBL3934788,5.103,=,Kd,8.29,2144159,CCCc1n[nH]c2cc(O)c(C(=O)N(C)c3ccc(C4CCN(C)CC4)cc3)cc12
CHEMBL3983469,4826.33,=,Kd,5.32,2192840,CCOc1ccc2c(c1)CN(C(=O)c1nc(N)nc3ccc(C)cc13)C2
CHEMBL3985693,434.1,=,Kd,6.36,2195064,CC(C)N(C)S(=O)(=O)c1cc(-c2n[nH]c(=O)n2-c2ccccc2F)c(O)cc1O
CHEMBL3906699,5.463,=,Kd,8.26,2116070,Cc1cccc(CN(C)C(=O)c2cc(-c3n[nH]c(=O)n3-c3ccccc3C)c(O)cc2O)c1
CHEMBL3962733,32.85,=,Kd,7.48,2172104,CCNC(=O)C1(c2ccc3nc(N)nc(C(=O)N4Cc5ccccc5C4)c3c2)CCC1
CHEMBL3909490,53.85,=,Kd,7.27,2118861,CN1CCC(c2ccc(N(C)C(=O)c3cc4c(CCC(C)(C)C)n[nH]c4cc3O)cc2)CC1
CHEMBL3951501,71.34,=,Kd,7.15,2160872,Cc1ccccc1-n1c(-c2cc(C(=O)N(C)Cc3cccc(-c4cncnc4)c3)c(O)cc2O)n[nH]c1=O
CHEMBL3970784,18.73,=,Kd,7.73,2180155,CN(C(=O)c1cc2c(C(=O)N3CCCC3)n[nH]c2cc1O)c1ccc(N2CCOCC2)cc1
CHEMBL3890649,3034.3,=,Kd,5.52,2100020,O=C(O)c1cc(-c2n[nH]c(=O)n2-c2ccccc2F)c(O)c(Br)c1O
CHEMBL3897124,80.55,=,Kd,7.09,2106495,CCC(F)c1n[nH]c2cc(O)c(C(=O)N(C)c3ccc(N4CCOCC4)cc3)cc12
CHEMBL3896847,21.71,=,Kd,7.66,2106218,Cc1cccc(Cc2n[nH]c3cc(O)c(C(=O)N(C)c4ccccc4)cc23)c1
CHEMBL3981957,999.3,=,Kd,6.0,2191328,Nc1nc(C(=O)N2Cc3ccccc3C2)c2cc(O)ccc2n1
CHEMBL3889584,24.44,=,Kd,7.61,2098955,Nc1nc(C(=O)N2Cc3ccccc3C2)c2cc(-c3cc(F)c(F)cc3Cc3nnn[nH]3)ccc2n1
CHEMBL3933016,577.95,=,Kd,6.24,2142387,O=C(O)c1cc(-c2n[nH]c(=O)n2-c2ccccc2F)c(O)cc1O
CHEMBL3954162,34.57,=,Kd,7.46,2163533,Cc1ccccc1-n1c(-c2cc(C(=O)N(C)Cc3ccccc3-c3cccnc3)c(O)cc2O)n[nH]c1=O
CHEMBL3944325,3.391,=,Kd,8.47,2153696,CCCc1n[nH]c2c(Br)c(O)c(C(=O)N(C)c3ccc(N4CCOCC4)cc3)cc12
CHEMBL3979513,23.84,=,Kd,7.62,2188884,Nc1nc(C(=O)N2Cc3ccccc3C2)c2cc(-c3ccccc3CO)ccc2n1
CHEMBL2103879,1.0,<,Kd,,1376149,CC(C)c1cc(-c2n[nH]c(=O)n2-c2ccc3c(ccn3C)c2)c(O)cc1O
CHEMBL3945793,15.03,=,Kd,7.82,2155164,CCCCN(C)C(=O)c1cc(-c2n[nH]c(=O)n2-c2ccccc2F)c(O)cc1O
CHEMBL3916268,4223.0,=,Kd,5.37,2125639,Oc1cc2[nH]nc(Cc3ccccc3)c2cc1-c1ccnn1-c1ccccc1
CHEMBL3966607,17.6,=,Kd,7.75,2175978,Cc1cccc(Cc2n[nH]c3cc(O)c(C(=O)N(C)c4ccc5c(c4)OCO5)cc23)c1
CHEMBL252124,3.46,=,Kd,8.46,419065,CCNC(=O)c1noc(-c2cc(Cl)c(O)cc2O)c1-c1ccc(OC)cc1
CHEMBL398346,1.0,<,Kd,,418999,CCNC(=O)c1noc(-c2cc(Cl)c(O)cc2O)c1-c1ccc(CN2CCOCC2)cc1
CHEMBL3936876,20205.0,=,Kd,4.7,2146247,Nc1nc(C(=O)N2Cc3ccc(O)cc3C2)c2ccccc2n1
CHEMBL3942566,5.809,=,Kd,8.24,2151937,CCC(C)c1n[nH]c2cc(O)c(C(=O)N(C)c3ccc(N4CCOCC4)cc3)cc12
CHEMBL3929986,505.43,=,Kd,6.3,2139357,Cc1ccc2nc(N)nc(C(=O)N3Cc4ccccc4C3)c2c1
CHEMBL3902156,22.18,=,Kd,7.65,2111527,Cc1cccc(Cc2n[nH]c3cc(O)c(C(=O)N(C)c4ccc(N(C)C)cc4)cc23)c1
CHEMBL3980414,2152.5,=,Kd,5.67,2189785,Nc1nc(C(=O)N2Cc3ccccc3C2)c2ccccc2n1
CHEMBL3914091,55.66,=,Kd,7.25,2123462,Cc1ccccc1-n1c(-c2cc(C(=O)N(C)CC3CCCO3)c(O)cc2O)n[nH]c1=O
CHEMBL3902028,968.2,=,Kd,6.01,2111399,CCC(=O)c1n[nH]c2cc(O)c(C(=O)N(C)c3ccc(N4CCOCC4)cc3)cc12
CHEMBL3899246,12.01,=,Kd,7.92,2108617,COCc1n[nH]c2cc(O)c(C(=O)N(C)c3ccc(N4CCOCC4)cc3)cc12
CHEMBL3911424,3.013,=,Kd,8.52,2120795,Cc1ccccc1CN(C)C(=O)c1cc(-c2n[nH]c(=O)n2-c2ccccc2C)c(O)cc1O
CHEMBL3940468,14.35,=,Kd,7.84,2149839,O=c1[nH]nc(-c2cc(CCc3ccccc3)c(O)cc2O)n1-c1ccccc1F
CHEMBL3899438,34.83,=,Kd,7.46,2108809,COc1ccc(CN(C)C(=O)c2cc(-c3n[nH]c(=O)n3-c3ccccc3C)c(O)cc2O)cc1
CHEMBL3900791,1.0,<,Kd,,2110162,CCNC(=O)C1=C(c2ccc(CN3CCOCC3)cc2)/C(=C2\C=C(C(C)C)C(O)=CC2=O)ON1
CHEMBL2042870,580.77,=,Kd,6.24,1349306,Cc1cccc(Cc2n[nH]c3cc(O)c(C(=O)N(C)Cc4ccccc4)cc23)c1
CHEMBL3931927,6633.0,=,Kd,5.18,2141298,Cc1ccc2nc(N)nc(C(=O)N3Cc4ccc(O)cc4C3)c2c1
CHEMBL3898029,26.6,=,Kd,7.58,2107400,O=c1[nH]nc(-c2cc(Br)c(O)cc2O)n1-c1ccccc1F
CHEMBL3964633,96.83,=,Kd,7.01,2174004,Oc1ccc(-c2nocc2-c2ccccc2)c(O)c1
CHEMBL365617,10.7,=,Kd,7.97,317497,CCNC(=O)c1n[nH]c(-c2cc(Cl)c(O)cc2O)c1-c1ccc(OC)cc1
CHEMBL3903964,9.767,=,Kd,8.01,2113335,Cc1ccccc1-n1c(-c2cc(C(=O)N(C)Cc3ccccc3)c(O)cc2O)n[nH]c1=O
CHEMBL3961450,62.7,=,Kd,7.2,2170821,CC(C)CN(C)C(=O)c1n[nH]c2cc(O)c(C(=O)N(C)c3ccc(N4CCOCC4)cc3)cc12
CHEMBL3675257,4.0,=,IC50,8.4,2008307,COc1cccc(-c2cc(F)ccc2[C@H]2Cc3nc(N)nc(C)c3C(NOC[C@H](N)CO)=N2)n1
CHEMBL3675258,13.0,=,IC50,7.89,2008308,COc1cccc(-c2cc(F)ccc2[C@H]2Cc3nc(N)nc(C)c3C(NOCC(CO)CO)=N2)n1
CHEMBL3675259,6.0,=,IC50,8.22,2008309,COc1cccc(-c2cc(F)ccc2[C@H]2Cc3nc(N)nc(C)c3C(NOCC[C@H](C)CO)=N2)n1
CHEMBL3675260,10.0,=,IC50,8.0,2008310,COc1cccc(-c2cc(F)ccc2[C@H]2Cc3nc(N)nc(C)c3C(NOC[C@H]3COCCO3)=N2)n1
CHEMBL3675261,10.0,=,IC50,8.0,2008311,COc1cccc(-c2cc(F)ccc2[C@H]2Cc3nc(N)nc(C)c3C(NOCC3O[C@@H](OC)[C@H](O)[C@@H]3O)=N2)n1
CHEMBL3675262,5.0,=,IC50,8.3,2008312,COc1cccc(-c2cc(F)ccc2[C@H]2Cc3nc(N)nc(C)c3C(NOC3C[C@H](O)[C@H](O)C3)=N2)n1
CHEMBL3675263,8.0,=,IC50,8.1,2008313,COc1cccc(-c2cc(F)ccc2[C@H]2Cc3nc(N)nc(C)c3C(NOCC3C[C@H](O)[C@H](O)C3)=N2)n1
CHEMBL3675264,3.0,=,IC50,8.52,2008314,COc1cccc(-c2cc(F)ccc2[C@H]2Cc3nc(N)nc(C)c3C(NO)=N2)n1
CHEMBL3962788,10.0,=,IC50,8.0,2172159,COc1cccc(-c2cc(F)ccc2[C@H]2Cc3nc(N)nc(C)c3C(NOCC3CCC(O)CC3)=N2)n1
CHEMBL3675266,10.0,=,IC50,8.0,2008316,COc1cccc(-c2cc(F)ccc2[C@H]2Cc3nc(N)nc(C)c3C(NOCCC[C@H](O)CO)=N2)n1
CHEMBL3675267,4.0,=,IC50,8.4,2008317,COc1cccc(-c2cc(F)ccc2[C@H]2Cc3nc(N)nc(C)c3C(NOCCCO)=N2)n1
CHEMBL3675268,6.0,=,IC50,8.22,2008318,COc1cccc(-c2cc(F)ccc2[C@H]2Cc3nc(N)nc(C)c3C(NOCCCCO)=N2)n1
CHEMBL3675269,8.0,=,IC50,8.1,2008319,COc1cccc(-c2cc(F)ccc2[C@H]2Cc3nc(N)nc(C)c3C(NOCC(=O)N(C)C)=N2)n1
CHEMBL3675270,4.0,=,IC50,8.4,2008320,COc1cccc(-c2cc(F)ccc2[C@H]2Cc3nc(N)nc(C)c3C(NOCC(=O)N3CC[C@@H](F)C3)=N2)n1
CHEMBL3675271,8.0,=,IC50,8.1,2008321,COc1cccc(-c2cc(F)ccc2[C@H]2Cc3nc(N)nc(C)c3C(NO[C@@H](CCO)C(=O)N(C)C)=N2)n1
CHEMBL3675272,13.0,=,IC50,7.89,2008322,COc1cccc(-c2cc(F)ccc2[C@H]2Cc3nc(N)nc(C)c3C(NOCC(=O)N(C)C[C@H](O)CO)=N2)n1
CHEMBL3675273,8.0,=,IC50,8.1,2008323,COc1cccc(-c2cc(F)ccc2[C@H]2Cc3nc(N)nc(C)c3C(NOCC(=O)N(C)CCO)=N2)n1
CHEMBL3656924,120.0,=,IC50,6.92,1989788,NC(=O)c1ccc(-n2nc(C(F)(F)F)c3c(-c4cnc5ccccc5c4)ccnc32)cc1N[C@H]1CC[C@H](O)CC1
CHEMBL3656925,130.0,=,IC50,6.89,1989789,Cc1nn(-c2ccc(C(N)=O)c(N[C@H]3CC[C@H](O)CC3)c2)c2nccc(-c3cnc4ccccc4c3)c12
CHEMBL3656926,170.0,=,IC50,6.77,1989790,CCc1nn(-c2ccc(C(N)=O)c(N[C@H]3CC[C@H](O)CC3)c2)c2nccc(-c3cnc4ccccc4c3)c12
CHEMBL3656927,1600.0,=,IC50,5.8,1989791,CC(C)c1nn(-c2ccc(C(N)=O)c(N[C@H]3CC[C@H](O)CC3)c2)c2ccnc(-c3cnc4ccccc4c3)c12
CHEMBL3656928,160.0,=,IC50,6.8,1989792,CC(C)c1nn(-c2ccc(C(N)=O)c(N[C@H]3CC[C@H](O)CC3)c2)c2cncc(-c3cnc4ccccc4c3)c12
CHEMBL3656929,150.0,=,IC50,6.82,1989793,CC(C)c1nn(-c2ccc(C(N)=O)c(N[C@H]3CC[C@H](O)CC3)c2)c2nccc(-c3cnc4ccccc4c3)c12
CHEMBL3656930,340.0,=,IC50,6.47,1989794,CC(C)c1nn(-c2ccc(C(N)=O)c(N[C@H]3CC[C@H](O)CC3)c2)c2nccc(-c3cccnc3)c12
CHEMBL3656931,550.0,=,IC50,6.26,1989795,COc1cncc(-c2ccnc3c2c(C(C)C)nn3-c2ccc(C(N)=O)c(N[C@H]3CC[C@H](O)CC3)c2)c1
CHEMBL3656932,430.0,=,IC50,6.37,1989796,CC(C)c1nn(-c2ccc(C(N)=O)c(N[C@H]3CC[C@H](O)CC3)c2)c2nccc(-c3cnc4[nH]ccc4c3)c12
CHEMBL3656933,690.0,=,IC50,6.16,1989797,CC(C)c1nn(-c2ccc(C(N)=O)c(N[C@H]3CC[C@H](O)CC3)c2)c2nccc(-c3cnc4c(ccn4C)c3)c12
CHEMBL3656934,3010.0,=,IC50,5.52,1989798,COc1ccc(-c2ccnc3c2c(C(C)C)nn3-c2ccc(C(N)=O)c(N[C@H]3CC[C@H](O)CC3)c2)cn1
CHEMBL3656935,1190.0,=,IC50,5.92,1989799,CC(C)c1nn(-c2ccc(C(N)=O)c(N[C@H]3CC[C@H](O)CC3)c2)c2nccc(-c3cnc4c(c3)CCCC4)c12
CHEMBL3639558,3050.0,=,IC50,5.52,1989800,CC(C)c1nn(-c2ccc(C(N)=O)c(NCc3ccccc3)c2)c2nccc(-c3cnc4ccccc4c3)c12
CHEMBL3656936,180.0,=,IC50,6.75,1989801,CC(C)c1nn(-c2ccc(C(N)=O)c(NCCN3CCCC3)c2)c2nccc(-c3cnc4ccccc4c3)c12
CHEMBL3656937,490.0,=,IC50,6.31,1989802,CSCCCNc1cc(-n2nc(C(C)C)c3c(-c4cnc5ccccc5c4)ccnc32)ccc1C(N)=O
CHEMBL3656938,230.0,=,IC50,6.64,1989803,CC(C)c1nn(-c2ccc(C(N)=O)c(NC3CCN(C)CC3)c2)c2nccc(-c3cnc4ccccc4c3)c12
CHEMBL3656939,1270.0,=,IC50,5.9,1989804,CC(C)c1nn(-c2ccc(C(N)=O)c(NCC(C)(C)C)c2)c2nccc(-c3cnc4ccccc4c3)c12
CHEMBL3656940,240.0,=,IC50,6.62,1989805,CC(C)c1nn(-c2ccc(C(N)=O)c(NCCN(C)C)c2)c2nccc(-c3cnc4ccccc4c3)c12
CHEMBL3656941,400.0,=,IC50,6.4,1989806,CC(C)c1nn(-c2ccc(C(N)=O)c(NCCc3ccccn3)c2)c2nccc(-c3cnc4ccccc4c3)c12
CHEMBL3656942,320.0,=,IC50,6.5,1989807,CC(C)c1nn(-c2ccc(C(N)=O)c(NCCCN(C)C)c2)c2nccc(-c3cnc4ccccc4c3)c12
CHEMBL3656943,330.0,=,IC50,6.48,1989808,CC(C)c1nn(-c2ccc(C(N)=O)c(NCCN3CCOCC3)c2)c2nccc(-c3cnc4ccccc4c3)c12
CHEMBL3656944,1140.0,=,IC50,5.94,1989809,CC(C)c1nn(-c2ccc(C(N)=O)c(Nc3ccc(N4CCOCC4)cc3)c2)c2nccc(-c3cnc4ccccc4c3)c12
CHEMBL3656945,570.0,=,IC50,6.24,1989810,CC(C)c1nn(-c2ccc(C(N)=O)c(Nc3ccc(C(=O)N4CCCC4)cc3)c2)c2nccc(-c3cnc4ccccc4c3)c12
CHEMBL3656946,1500.0,=,IC50,5.82,1989811,CC(C)c1nn(-c2ccc(C(N)=O)c(Nc3ccc(CN4CCCC4)cc3)c2)c2nccc(-c3cnc4ccccc4c3)c12
CHEMBL3656947,1880.0,=,IC50,5.73,1989812,CC(C)c1nn(-c2ccc(C(N)=O)c(N[C@H]3CC[C@H](O)CC3)c2)c2nccc(-n3ccnc3)c12
CHEMBL3656948,250.0,=,IC50,6.6,1989813,CC(C)c1nn(-c2ccc(C(N)=O)c(N[C@H]3CC[C@H](O)CC3)c2)c2nccc(-n3cnc(-c4ccccc4)c3)c12
CHEMBL3656949,510.0,=,IC50,6.29,1989814,CC(C)c1nn(-c2ccc(C(N)=O)cc2Cl)c2nccc(-c3cnc4ccccc4c3)c12
CHEMBL3656950,270.0,=,IC50,6.57,1989815,Cc1cn(-c2ccc(C(N)=O)c(N[C@H]3CC[C@H](O)CC3)c2)c2nccc(-c3cnc4ccccc4c3)c12
CHEMBL3656951,120.0,=,IC50,6.92,1989816,CCc1cn(-c2ccc(C(N)=O)c(N[C@H]3CC[C@H](O)CC3)c2)c2nccc(-c3cnc4ccccc4c3)c12
CHEMBL3656952,100.0,=,IC50,7.0,1989817,NC(=O)c1ccc(-n2cc(C(F)(F)F)c3c(-c4cnc5ccccc5c4)ccnc32)cc1N[C@H]1CC[C@H](O)CC1
CHEMBL3656953,90.0,=,IC50,7.05,1989818,CCCc1cn(-c2ccc(C(N)=O)c(N[C@H]3CC[C@H](O)CC3)c2)c2nccc(-c3cnc4ccccc4c3)c12
CHEMBL3656954,150.0,=,IC50,6.82,1989819,C=Cc1cn(-c2ccc(C(N)=O)c(N[C@H]3CC[C@H](O)CC3)c2)c2nccc(-c3cnc4ccccc4c3)c12
CHEMBL3656955,350.0,=,IC50,6.46,1989820,Cc1cn(-c2ccc(C(N)=O)c(NC3CCOCC3)c2)c2nccc(-c3cnc4ccccc4c3)c12
CHEMBL3656956,2810.0,=,IC50,5.55,1989821,Cc1cn(-c2ccc(C(N)=O)c(NCCCCO)c2)c2nccc(-c3cnc4ccccc4c3)c12
CHEMBL3656957,460.0,=,IC50,6.34,1989822,Cc1cn(-c2ccc(C(N)=O)c(NCC(C)(C)O)c2)c2nccc(-c3cnc4ccccc4c3)c12
CHEMBL3656958,1370.0,=,IC50,5.86,1989823,Cc1cn(-c2ccc(C(N)=O)c(NCCCNC(C)C)c2)c2nccc(-c3cnc4ccccc4c3)c12
CHEMBL3656959,600.0,=,IC50,6.22,1989824,Cc1cn(-c2ccc(C(N)=O)c(N[C@H]3CC[C@H](N)CC3)c2)c2nccc(-c3cnc4ccccc4c3)c12
CHEMBL3656960,610.0,=,IC50,6.21,1989825,CC(=O)N[C@H]1CC[C@H](Nc2cc(-n3cc(C)c4c(-c5cnc6ccccc6c5)ccnc43)ccc2C(N)=O)CC1
CHEMBL3656961,470.0,=,IC50,6.33,1989826,Cc1cn(-c2ccc(C(N)=O)c(N[C@H]3CC[C@H](NS(C)(=O)=O)CC3)c2)c2nccc(-c3cnc4ccccc4c3)c12
CHEMBL3656962,420.0,=,IC50,6.38,1989827,Cc1cn(-c2ccc(C(N)=O)c(N[C@@H]3CCCC[C@H]3N)c2)c2nccc(-c3cnc4ccccc4c3)c12
CHEMBL3656963,360.0,=,IC50,6.44,1989828,Cc1cn(-c2ccc(C(N)=O)c(S[C@H]3CC[C@H](O)CC3)c2)c2nccc(-c3cnc4ccccc4c3)c12
CHEMBL3656964,230.0,=,IC50,6.64,1989829,CCc1cn(-c2ccc(C(N)=O)c(NC3CCCCC3N)c2)c2nccc(-c3cnc4ccccc4c3)c12
CHEMBL3656965,250.0,=,IC50,6.6,1989830,CCc1cn(-c2ccc(C(N)=O)c(NC3CCN(C)CC3)c2)c2nccc(-c3cnc4ccccc4c3)c12
CHEMBL3656966,260.0,=,IC50,6.58,1989831,CCc1cn(-c2ccc(C(N)=O)c(N[C@H]3CC[C@H](N)CC3)c2)c2nccc(-c3cnc4ccccc4c3)c12
CHEMBL3656967,590.0,=,IC50,6.23,1989832,CCc1cn(-c2ccc(C(N)=O)c(NCCN3CCOCC3)c2)c2nccc(-c3cnc4ccccc4c3)c12
CHEMBL3656968,340.0,=,IC50,6.47,1989833,CCc1cn(-c2ccc(C(N)=O)c(NCCCCO)c2)c2nccc(-c3cnc4ccccc4c3)c12
CHEMBL3656969,310.0,=,IC50,6.51,1989834,CCNCCNc1cc(-n2cc(CC)c3c(-c4cnc5ccccc5c4)ccnc32)ccc1C(N)=O
CHEMBL3656970,190.0,=,IC50,6.72,1989835,CC(C)c1nn(-c2ccc(C(N)=O)c(NC3CCNCC3)c2)c2nccc(-c3cnc4ccccc4c3)c12
CHEMBL3656971,180.0,=,IC50,6.75,1989836,CC(=O)N(c1cc(-n2nc(C(C)C)c3c(-c4cnc5ccccc5c4)ccnc32)ccc1C(N)=O)C1CCNCC1
CHEMBL3656972,360.0,=,IC50,6.44,1989837,CC(C)c1nn(-c2ccc(C(N)=O)c(NC3CCN(C(=O)c4cc(=O)[nH]c(=O)[nH]4)CC3)c2)c2nccc(-c3cnc4ccccc4c3)c12
CHEMBL3656973,250.0,=,IC50,6.6,1989838,CC(C)c1nn(-c2ccc(C(N)=O)c(NC3CCN(C(=O)CN)CC3)c2)c2nccc(-c3cnc4ccccc4c3)c12
CHEMBL3656974,470.0,=,IC50,6.33,1989839,Cc1cc(C(N)=O)ccc1-n1nc(C(C)C)c2c(-c3cnc4ccccc4c3)ccnc21
CHEMBL3656975,1030.0,=,IC50,5.99,1989840,Cc1cc(-n2nc(C(C)C)c3c(-c4cnc5ccccc5c4)ccnc32)ccc1C(N)=O
CHEMBL3661098,830.0,=,IC50,6.08,1994005,Cc1cc(C(N)=O)ccc1-n1nc(C(F)(F)F)c2c(-c3cnc4ccccc4c3)ccnc21
CHEMBL3661099,400.0,=,IC50,6.4,1994006,COc1ccc(-c2cn(-c3ccnc4c3c(C(C)C)nn4-c3ccc(C(N)=O)c(N(O)C4CCCCC4)c3)cn2)cc1
CHEMBL3661100,100.0,=,IC50,7.0,1994007,CC(C)c1nn(-c2ccc(C(N)=O)c(N(O)C3CCCCC3)c2)c2nccc(-n3cnc(-c4cccnc4)c3)c12
CHEMBL3661101,100.0,=,IC50,7.0,1994008,CC(C)c1nn(-c2ccc(C(N)=O)c(N(O)C3CCCCC3)c2)c2nccc(-n3cnc(-c4ccncc4)c3)c12
CHEMBL3661102,240.0,=,IC50,6.62,1994009,CC(C)c1nn(-c2ccc(C(N)=O)c(N(O)C3CCCCC3)c2)c2nccc(-n3cnc(-c4cncnc4)c3)c12
CHEMBL3661103,140.0,=,IC50,6.85,1994010,Cc1c(-c2cccnc2)ncn1-c1ccnc2c1c(C(C)C)nn2-c1ccc(C(N)=O)c(N(O)C2CCCCC2)c1
CHEMBL3661104,680.0,=,IC50,6.17,1994011,CC(C)c1nn(-c2ccc(C(N)=O)c(NC3CCC(O)CC3)c2)c2nccc(-n3cnc(-c4ccco4)c3)c12
CHEMBL3661105,70.0,=,IC50,7.16,1994012,CC(C)c1nn(-c2ccc(C(N)=O)c(N(O)C3CCCCC3)c2)c2nccc(-n3cnc(-c4cnn(C)c4)c3)c12
CHEMBL3661106,230.0,=,IC50,6.64,1994013,CC(C)c1nn(-c2ccc(C(N)=O)c(NC3CCC(O)CC3)c2)c2nccc(-n3cnc(-c4ccoc4)c3)c12
CHEMBL3661107,130.0,=,IC50,6.89,1994014,CC(C)c1nn(-c2ccc(C(N)=O)c(NC3CCC(O)CC3)c2)c2nccc(-n3cnc(-n4ccnc4)c3)c12
CHEMBL3661108,320.0,=,IC50,6.5,1994015,CC(C)c1nn(-c2ccc(C(N)=O)c(N(O)C3CCCCC3)c2)c2nccc(-n3cnc(-c4cnn(Cc5ccccc5)c4)c3)c12
CHEMBL3661109,470.0,=,IC50,6.33,1994016,CC(C)c1nn(-c2ccc(C(N)=O)c(NC3CCC(O)CC3)c2)c2nccc(-n3cnc(-c4cnn(CCOCc5ccccc5)c4)c3)c12
CHEMBL3661110,60.0,=,IC50,7.22,1994017,CC(C)c1nn(-c2ccc(C(N)=O)c(NC3CCC(O)CC3)c2)c2nccc(-n3cnc(-c4cn[nH]c4)c3)c12
CHEMBL3661111,240.0,=,IC50,6.62,1994018,Cc1cn(-c2ccc(C(N)=O)c(NC3CCC(O)CC3)c2)c2nccc(-n3cnc(-c4ccccc4)c3)c12
CHEMBL3661112,520.0,=,IC50,6.28,1994019,CC(C)c1nn(-c2ccc(C(N)=O)cc2Cl)c2nccc(-n3cnc(-c4cnn(C)c4)c3)c12
CHEMBL3661113,150.0,=,IC50,6.82,1994020,Cc1cc(C(N)=O)ccc1-n1nc(C(C)C)c2c(-n3cnc(-c4cnn(C)c4)c3)ccnc21
CHEMBL3661114,220.0,=,IC50,6.66,1994021,C=Cc1cc(C(N)=O)ccc1-n1nc(C(C)C)c2c(-n3cnc(-c4cnn(C)c4)c3)ccnc21
CHEMBL3661115,210.0,=,IC50,6.68,1994022,CCc1cc(C(N)=O)ccc1-n1nc(C(C)C)c2c(-n3cnc(-c4cnn(C)c4)c3)ccnc21
CHEMBL3661116,120.0,=,IC50,6.92,1994023,CCCc1cc(C(N)=O)ccc1-n1nc(C(C)C)c2c(-n3cnc(-c4cnn(C)c4)c3)ccnc21
CHEMBL3661117,120.0,=,IC50,6.92,1994024,CC(C)c1cc(C(N)=O)ccc1-n1nc(C(C)C)c2c(-n3cnc(-c4cnn(C)c4)c3)ccnc21
CHEMBL3661118,140.0,=,IC50,6.85,1994025,CC(C)c1nn(-c2ccc(C(N)=O)cc2C2CC2)c2nccc(-n3cnc(-c4cnn(C)c4)c3)c12
CHEMBL3661119,340.0,=,IC50,6.47,1994026,CC(C)c1nn(-c2ccc(C(N)=O)c(N)c2)c2nccc(-n3cnc(-c4cnn(C)c4)c3)c12
CHEMBL3661120,200.0,=,IC50,6.7,1994027,CC(C)c1nn(-c2ccc(C(N)=O)cc2N)c2nccc(-n3cnc(-c4cnn(C)c4)c3)c12
CHEMBL3661121,180.0,=,IC50,6.75,1994028,CCNc1cc(-n2nc(C(C)C)c3c(-n4cnc(-c5cnn(C)c5)c4)ccnc32)ccc1C(N)=O
CHEMBL3661122,310.0,=,IC50,6.51,1994029,CNc1cc(-n2nc(C(C)C)c3c(-n4cnc(-c5cnn(C)c5)c4)ccnc32)ccc1C(N)=O
CHEMBL3661123,190.0,=,IC50,6.72,1994030,CC(C)Nc1cc(-n2nc(C(C)C)c3c(-n4cnc(-c5cnn(C)c5)c4)ccnc32)ccc1C(N)=O
CHEMBL3661124,250.0,=,IC50,6.6,1994031,CC(C)c1nn(-c2ccc(C(N)=O)c(NC(C)(C)C)c2)c2nccc(-n3cnc(-c4cnn(C)c4)c3)c12
CHEMBL3661125,260.0,=,IC50,6.58,1994032,CC(C)c1nn(-c2ccc(C(N)=O)c(NCC(F)F)c2)c2nccc(-n3cnc(-c4cnn(C)c4)c3)c12
CHEMBL3661126,490.0,=,IC50,6.31,1994033,CC(C)c1nn(-c2ccc(C(N)=O)c(NCC(F)(F)F)c2)c2nccc(-n3cnc(-c4cnn(C)c4)c3)c12
CHEMBL3661127,160.0,=,IC50,6.8,1994034,CC(C)c1nn(-c2ccc(C(N)=O)c(NCCN3CCCC3)c2)c2nccc(-n3cnc(-c4cnn(C)c4)c3)c12
CHEMBL3661128,210.0,=,IC50,6.68,1994035,Cc1cc(C(N)=O)ncc1-n1nc(C(C)C)c2c(-n3cnc(-c4cnn(C)c4)c3)ccnc21
CHEMBL3661129,200.0,=,IC50,6.7,1994036,CC(C)Nc1cc(C(N)=O)ccc1-n1nc(C(C)C)c2c(-n3cnc(-c4cnn(C)c4)c3)ccnc21
CHEMBL3661130,180.0,=,IC50,6.75,1994037,CCNc1cc(C(N)=O)ccc1-n1nc(C(C)C)c2c(-n3cnc(-c4cnn(C)c4)c3)ccnc21
CHEMBL3661131,180.0,=,IC50,6.75,1994038,CCCNc1cc(C(N)=O)ccc1-n1nc(C(C)C)c2c(-n3cnc(-c4cnn(C)c4)c3)ccnc21
CHEMBL3661132,190.0,=,IC50,6.72,1994039,CC(C)c1nn(-c2ccc(C(N)=O)cc2NCC(F)F)c2nccc(-n3cnc(-c4cnn(C)c4)c3)c12
CHEMBL3661133,350.0,=,IC50,6.46,1994040,CC(C)c1nn(-c2ccc(C(N)=O)cc2C#N)c2nccc(-n3cnc(-c4cnn(C)c4)c3)c12
CHEMBL3661134,230.0,=,IC50,6.64,1994041,CC(C)c1nn(-c2ccc(C(N)=O)cc2CN(C)C)c2nccc(-n3cnc(-c4cnn(C)c4)c3)c12
CHEMBL3661135,230.0,=,IC50,6.64,1994042,CC(C)c1nn(-c2ccc(C(N)=O)cc2CN2CCOCC2)c2nccc(-n3cnc(-c4cnn(C)c4)c3)c12
CHEMBL3661136,90.0,=,IC50,7.05,1994043,COc1cc(C(N)=O)ccc1-n1nc(C(C)C)c2c(-n3cnc(-c4cnn(C)c4)c3)ccnc21
CHEMBL3661137,290.0,=,IC50,6.54,1994044,Cc1c(C(N)=O)ccc(-n2nc(C(C)C)c3c(-n4cnc(-c5cnn(C)c5)c4)ccnc32)c1C
CHEMBL3661138,690.0,=,IC50,6.16,1994045,Cc1c(-n2nc(C(C)C)c3c(-n4cnc(-c5cnn(C)c5)c4)ccnc32)ccc(C(N)=O)c1F
CHEMBL3661139,700.0,=,IC50,6.16,1994046,CCc1c(-n2nc(C(C)C)c3c(-n4cnc(-c5cnn(C)c5)c4)ccnc32)ccc(C(N)=O)c1F
CHEMBL3661140,120.0,=,IC50,6.92,1994047,CCNc1c(C(N)=O)ccc(-n2nc(C(C)C)c3c(-n4cnc(-c5cnn(C)c5)c4)ccnc32)c1C
CHEMBL3661141,160.0,=,IC50,6.8,1994048,CCNc1c(C(N)=O)ccc(-n2nc(C(C)C)c3c(-n4cnc(-c5cnn(C)c5)c4)ccnc32)c1CC
CHEMBL3661142,200.0,=,IC50,6.7,1994049,CCc1c(-n2nc(C(C)C)c3c(-n4cnc(-c5cnn(C)c5)c4)ccnc32)ccc(C(N)=O)c1N
CHEMBL3661143,400.0,=,IC50,6.4,1994050,Cc1cc(C(N)=O)ccc1-n1nc(C(C)C)c2c(-n3cnc(-c4cccnc4)c3)ccnc21
CHEMBL3661144,130.0,=,IC50,6.89,1994051,CCc1cc(C(N)=O)ccc1-n1nc(C(C)C)c2c(-n3cnc(-c4cccnc4)c3)ccnc21
CHEMBL3661145,280.0,=,IC50,6.55,1994052,CC(C)c1cc(C(N)=O)ccc1-n1nc(C(C)C)c2c(-n3cnc(-c4cccnc4)c3)ccnc21
CHEMBL3661146,190.0,=,IC50,6.72,1994053,CC(C)c1nn(-c2ccc(C(N)=O)cc2C2CC2)c2nccc(-n3cnc(-c4cccnc4)c3)c12
CHEMBL3661147,570.0,=,IC50,6.24,1994054,CCNc1cc(-n2nc(C(C)C)c3c(-n4cnc(-c5cccnc5)c4)ccnc32)ccc1C(N)=O
CHEMBL3661148,760.0,=,IC50,6.12,1994055,CC(C)Nc1cc(-n2nc(C(C)C)c3c(-n4cnc(-c5cccnc5)c4)ccnc32)ccc1C(N)=O
CHEMBL3661149,410.0,=,IC50,6.39,1994056,CC(C)c1nn(-c2ccc(C(N)=O)c(NC(C)(C)C)c2)c2nccc(-n3cnc(-c4cccnc4)c3)c12
CHEMBL3661150,120.0,=,IC50,6.92,1994057,COc1cc(C(N)=O)ccc1-n1nc(C(C)C)c2c(-n3cnc(-c4cccnc4)c3)ccnc21
CHEMBL3661151,170.0,=,IC50,6.77,1994058,CC(C)Nc1cc(-n2nc(C(C)C)c3c(-n4cnc(-c5cn[nH]c5)c4)ccnc32)ccc1C(N)=O
CHEMBL3661152,420.0,=,IC50,6.38,1994059,CCNc1cc(-n2nc(C(C)C)c3c(-n4cnc(-c5cn[nH]c5)c4)ccnc32)ccc1C(N)=O
CHEMBL3661153,630.0,=,IC50,6.2,1994060,CCn1cc(-c2cn(-c3ccnc4c3c(C(C)C)nn4-c3ccc(C(N)=O)cc3Cl)cn2)cn1
CHEMBL3661154,770.0,=,IC50,6.11,1994061,CCNc1cc(-n2nc(C(C)C)c3c(-n4cnc(-c5cnn(CC)c5)c4)ccnc32)ccc1C(N)=O
CHEMBL3661155,810.0,=,IC50,6.09,1994062,CCNc1cc(-n2nc(C(C)C)c3c(-n4cnc(-c5cnn(C(F)F)c5)c4)ccnc32)ccc1C(N)=O
CHEMBL3661156,400.0,=,IC50,6.4,1994063,CC(C)c1cc(-n2nc(C(C)C)c3c(-n4cnc(-c5cnn(CCO)c5)c4)ccnc32)ccc1C(N)=O
CHEMBL3661157,390.0,=,IC50,6.41,1994064,Cc1cc(C(N)=O)ccc1-n1nc(C(C)C)c2c(-n3cnc(-c4ccncc4)c3)ccnc21
CHEMBL3661158,930.0,=,IC50,6.03,1994065,CC(C)NC(=O)c1ccc(-c2cn(-c3ccnc4c3c(C(C)C)nn4-c3ccc(C(N)=O)cc3Cl)cn2)cc1
CHEMBL3661159,660.0,=,IC50,6.18,1994066,CC(C)c1nn(-c2ccc(C(N)=O)cc2Cl)c2nccc(-n3cnc(-c4ccc(C(=O)N(C)C)cc4)c3)c12
CHEMBL3661160,1010.0,=,IC50,6.0,1994067,CC(C)c1nn(-c2ccc(C(N)=O)cc2Cl)c2nccc(-n3cnc(-c4ccc(C(N)=O)cc4)c3)c12
CHEMBL3661161,130.0,=,IC50,6.89,1994068,Cn1cc(-c2cn(-c3ccnc4c3c(C(F)(F)F)nn4-c3ccc(C(N)=O)cc3Cl)cn2)cn1
CHEMBL3661162,140.0,=,IC50,6.85,1994069,Cc1cc(C(N)=O)ccc1-n1nc(C(F)(F)F)c2c(-n3cnc(-c4cnn(C)c4)c3)ccnc21
CHEMBL3661163,110.0,=,IC50,6.96,1994070,CCc1cc(C(N)=O)ccc1-n1nc(C(F)(F)F)c2c(-n3cnc(-c4cnn(C)c4)c3)ccnc21
CHEMBL3661164,70.0,=,IC50,7.16,1994071,CCCc1cc(C(N)=O)ccc1-n1nc(C(F)(F)F)c2c(-n3cnc(-c4cnn(C)c4)c3)ccnc21
CHEMBL3661165,130.0,=,IC50,6.89,1994072,Cn1cc(-c2cn(-c3ccnc4c3c(C(F)(F)F)nn4-c3ccc(C(N)=O)c(N)c3)cn2)cn1
CHEMBL3661166,100.0,=,IC50,7.0,1994073,Cn1cc(-c2cn(-c3ccnc4c3c(C(F)(F)F)nn4-c3ccc(C(N)=O)cc3N)cn2)cn1
CHEMBL3661167,210.0,=,IC50,6.68,1994074,CN(C)c1cc(C(N)=O)ccc1-n1nc(C(F)(F)F)c2c(-n3cnc(-c4cnn(C)c4)c3)ccnc21
CHEMBL3661168,160.0,=,IC50,6.8,1994075,CC(C)Nc1cc(-n2nc(C(F)(F)F)c3c(-n4cnc(-c5cnn(C)c5)c4)ccnc32)ccc1C(N)=O
CHEMBL3661169,170.0,=,IC50,6.77,1994076,CCNc1cc(-n2nc(C(F)(F)F)c3c(-n4cnc(-c5cnn(C)c5)c4)ccnc32)ccc1C(N)=O
CHEMBL3661170,110.0,=,IC50,6.96,1994077,CCNc1cc(C(N)=O)ccc1-n1nc(C(F)(F)F)c2c(-n3cnc(-c4cnn(C)c4)c3)ccnc21
CHEMBL3661171,100.0,=,IC50,7.0,1994078,CCCNc1cc(C(N)=O)ccc1-n1nc(C(F)(F)F)c2c(-n3cnc(-c4cnn(C)c4)c3)ccnc21
CHEMBL3661172,110.0,=,IC50,6.96,1994079,CC(C)Nc1cc(C(N)=O)ccc1-n1nc(C(F)(F)F)c2c(-n3cnc(-c4cnn(C)c4)c3)ccnc21
CHEMBL3661173,120.0,=,IC50,6.92,1994080,Cn1cc(-c2cn(-c3ccnc4c3c(C(F)(F)F)nn4-c3ccc(C(N)=O)cc3NC3CCC3)cn2)cn1
CHEMBL3661174,140.0,=,IC50,6.85,1994081,Cn1cc(-c2cn(-c3ccnc4c3c(C(F)(F)F)nn4-c3ccc(C(N)=O)cc3NC3CCCC3)cn2)cn1
CHEMBL3661175,100.0,=,IC50,7.0,1994082,Cn1cc(-c2cn(-c3ccnc4c3c(C(F)(F)F)nn4-c3ccc(C(N)=O)cc3NCC(F)F)cn2)cn1
CHEMBL3661176,70.0,=,IC50,7.16,1994083,COCCNc1cc(C(N)=O)ccc1-n1nc(C(F)(F)F)c2c(-n3cnc(-c4cnn(C)c4)c3)ccnc21
CHEMBL3661177,230.0,=,IC50,6.64,1994084,Cn1cc(-c2cn(-c3ccnc4c3c(C(F)(F)F)nn4-c3ccc(C(N)=O)cc3C#N)cn2)cn1
CHEMBL3661178,210.0,=,IC50,6.68,1994085,Cn1cc(-c2cn(-c3ccnc4c3c(C(F)(F)F)nn4-c3ccc(C(N)=O)cc3Br)cn2)cn1
CHEMBL3661179,100.0,=,IC50,7.0,1994086,Cn1cc(-c2cn(-c3ccnc4c3c(C(F)(F)F)nn4-c3ccc(C(N)=O)cc3F)cn2)cn1
CHEMBL3661180,1070.0,=,IC50,5.97,1994087,Cn1cc(-c2cn(-c3ccnc4c3c(C(F)(F)F)nn4-c3ccc(C(N)=O)cc3-c3ccccc3)cn2)cn1
CHEMBL3661181,120.0,=,IC50,6.92,1994088,Cn1cc(-c2cn(-c3ccnc4c3c(C(F)(F)F)nn4-c3ccc(C(N)=O)cc3C3CC3)cn2)cn1
CHEMBL3661182,320.0,=,IC50,6.5,1994089,C=C(C)c1cc(C(N)=O)ccc1-n1nc(C(F)(F)F)c2c(-n3cnc(-c4cnn(C)c4)c3)ccnc21
CHEMBL3661183,370.0,=,IC50,6.43,1994090,Cc1cc(C(N)=O)ccc1-n1nc(C(F)(F)F)c2c(-n3cnc(-c4cccnc4)c3)ccnc21
CHEMBL3661184,420.0,=,IC50,6.38,1994091,NC(=O)c1ccc(-n2nc(C(F)(F)F)c3c(-n4cnc(-c5cccnc5)c4)ccnc32)cc1N
CHEMBL3661185,270.0,=,IC50,6.57,1994092,NC(=O)c1ccc(-n2nc(C(F)(F)F)c3c(-n4cnc(-c5cccnc5)c4)ccnc32)c(N)c1
CHEMBL3661186,530.0,=,IC50,6.28,1994093,CCNc1cc(-n2nc(C(F)(F)F)c3c(-n4cnc(-c5cccnc5)c4)ccnc32)ccc1C(N)=O
CHEMBL3661187,380.0,=,IC50,6.42,1994094,CC(C)Nc1cc(-n2nc(C(F)(F)F)c3c(-n4cnc(-c5cccnc5)c4)ccnc32)ccc1C(N)=O
CHEMBL3661188,190.0,=,IC50,6.72,1994095,CCNc1cc(C(N)=O)ccc1-n1nc(C(F)(F)F)c2c(-n3cnc(-c4cccnc4)c3)ccnc21
CHEMBL3661189,140.0,=,IC50,6.85,1994096,CC(C)Nc1cc(C(N)=O)ccc1-n1nc(C(F)(F)F)c2c(-n3cnc(-c4cccnc4)c3)ccnc21
CHEMBL3661190,200.0,=,IC50,6.7,1994097,NC(=O)c1ccc(-n2nc(C(F)(F)F)c3c(-n4cnc(-c5cccnc5)c4)ccnc32)c(NC2CCC2)c1
CHEMBL3661191,330.0,=,IC50,6.48,1994098,NC(=O)c1ccc(-n2nc(C(F)(F)F)c3c(-n4cnc(-c5cccnc5)c4)ccnc32)c(NC2CCCC2)c1
CHEMBL3661192,230.0,=,IC50,6.64,1994099,CCn1cc(-c2cn(-c3ccnc4c3c(C(F)(F)F)nn4-c3ccc(C(N)=O)cc3N)cn2)cn1
CHEMBL3639600,190.0,=,IC50,6.72,1994100,CCNc1cc(C(N)=O)ccc1-n1nc(C(F)(F)F)c2c(-n3cnc(-c4cnn(CC)c4)c3)ccnc21
CHEMBL3661193,800.0,=,IC50,6.1,1994101,CC(C)n1cc(-c2cn(-c3ccnc4c3c(C(F)(F)F)nn4-c3ccc(C(N)=O)cc3N)cn2)cn1
CHEMBL3661194,620.0,=,IC50,6.21,1994102,CCNc1cc(C(N)=O)ccc1-n1nc(C(F)(F)F)c2c(-n3cnc(-c4cnn(C(C)C)c4)c3)ccnc21
CHEMBL3653849,190.0,=,IC50,6.72,1986682,CCNc1cc(-c2nccc3c(-n4cnc(-c5cnn(C)c5)c4)cccc23)ccc1C(N)=O
CHEMBL3653850,60.0,=,IC50,7.22,1986683,NC(=O)c1ccc(-c2nccc3c(-c4cncc(N)c4)cccc23)cc1NC1CCC(O)CC1
CHEMBL3653851,190.0,=,IC50,6.72,1986684,CCNc1cc(-c2cc(C(F)(F)F)nc3c(-n4cnc(-c5cnn(C)c5)c4)cccc23)ccc1C(N)=O
CHEMBL3653852,340.0,=,IC50,6.47,1986685,Cn1cc(-c2cn(-c3cccc4c(-c5ccc(C(N)=O)c(N)c5)nc(C(F)(F)F)nc34)cn2)cn1
CHEMBL3653853,1440.0,=,IC50,5.84,1986686,CC(C)(C)Nc1cc(-c2cc(C(F)(F)F)nc3c(-c4cnc5ccccc5c4)cccc23)ccc1C(N)=O
CHEMBL3653854,170.0,=,IC50,6.77,1986687,NC(=O)c1ccc(-c2nccc3c(-c4cnc5ccccc5c4)cccc23)cc1NC1CCC(O)CC1
CHEMBL3653855,150.0,=,IC50,6.82,1986688,Cc1cc2c(-c3cnc4ccccc4c3)cccc2c(-c2ccc(C(N)=O)c(NC3CCC(O)CC3)c2)n1
CHEMBL3653856,100.0,=,IC50,7.0,1986689,Cc1cc2c(-c3cnc4ccccc4c3)cccc2c(-c2ccc(C(N)=O)c(NC3CCC(O)CC3)c2)[n+]1[O-]
CHEMBL3653857,270.0,=,IC50,6.57,1986690,Cc1ccc2ncc(-c3cccc4c(-c5ccc(C(N)=O)c(NC6CCC(O)CC6)c5)nccc34)cc2c1
CHEMBL3653858,480.0,=,IC50,6.32,1986691,Cc1ccc2cc(-c3cccc4c(-c5ccc(C(N)=O)c(NC6CCC(O)CC6)c5)nccc34)cnc2c1
CHEMBL3653859,70.0,=,IC50,7.16,1986692,NC(=O)c1ccc(-c2nccc3c(-c4cnc5nc[nH]c5c4)cccc23)cc1NC1CCC(O)CC1
CHEMBL3653860,450.0,=,IC50,6.35,1986693,NC(=O)c1ccc(-c2nccc3c(-c4cnc5nccnc5c4)cccc23)cc1NC1CCC(O)CC1
CHEMBL3653861,1500.0,=,IC50,5.82,1986694,NC(=O)c1ccc(-c2nccc3c(-c4cnc5[nH]ccc5c4)cccc23)cc1NC1CCC(O)CC1
CHEMBL3653862,140.0,=,IC50,6.85,1986695,NC(=O)c1ccc(-c2nccc3c(-c4cccnc4)cccc23)cc1NC1CCC(O)CC1
CHEMBL3653863,100.0,=,IC50,7.0,1986696,NC(=O)c1ccc(-c2nccc3c(-c4cncc(CO)c4)cccc23)cc1NC1CCC(O)CC1
CHEMBL3653864,2690.0,=,IC50,5.57,1986697,CC(C)(C)OC(=O)NCCc1cncc(-c2cccc3c(-c4ccc(C(N)=O)c(NC5CCC(O)CC5)c4)nccc23)c1
CHEMBL3653865,650.0,=,IC50,6.19,1986698,COc1cncc(-c2cccc3c(-c4ccc(C(N)=O)c(NC5CCC(O)CC5)c4)nccc23)c1
CHEMBL3653866,130.0,=,IC50,6.89,1986699,NC(=O)c1ccc(-c2nccc3c(-n4cnc(-c5ccncc5)c4)cccc23)cc1NC1CCC(O)CC1
CHEMBL3639527,150.0,=,IC50,6.82,1986700,CC(=O)Nc1cncc(-c2cccc3c(-c4ccc(C(N)=O)c(NC5CCC(O)CC5)c4)nccc23)c1
CHEMBL3653867,230.0,=,IC50,6.64,1986701,NC(=O)c1ccc(-c2nccc3c(-c4cncc(NC(=O)CO)c4)cccc23)cc1NC1CCC(O)CC1
CHEMBL3653868,800.0,=,IC50,6.1,1986702,NC(=O)c1ccc(-c2nc(CN3CCOCC3)cc3c(-c4cnc5ccccc5c4)cccc23)cc1NC1CCC(O)CC1
CHEMBL3653869,80.0,=,IC50,7.1,1986703,NC(=O)c1ccc(-c2nccc3c(-n4cnc(-c5cccnc5)c4)cccc23)cc1NC1CCC(O)CC1
CHEMBL3653870,450.0,=,IC50,6.35,1986704,NCC(=O)OC1CCC(Nc2cc(-c3nccc4c(-c5cnc6ccccc6c5)cccc34)ccc2C(N)=O)CC1
CHEMBL3653871,140.0,=,IC50,6.85,1986705,CNc1cncc(-c2cccc3c(-c4ccc(C(N)=O)c(NC5CCC(O)CC5)c4)nccc23)c1
CHEMBL3653872,1490.0,=,IC50,5.83,1986706,CCCNc1cncc(-c2cccc3c(-c4ccc(C(N)=O)c(NC5CCC(O)CC5)c4)nccc23)c1
CHEMBL3653873,370.0,=,IC50,6.43,1986707,CN(CCO)CNC(=O)c1ccc(-c2nccc3c(-c4cnc5ccccc5c4)cccc23)cc1NC1CCC(O)CC1
CHEMBL3653874,980.0,=,IC50,6.01,1986708,CN(C)CNC(=O)c1ccc(-c2nccc3c(-c4cnc5ccccc5c4)cccc23)cc1NC1CCC(O)CC1
CHEMBL3653875,130.0,=,IC50,6.89,1986709,NC(=O)c1ccc(-c2nccc3c(-c4cnc5cc[nH]c5c4)cccc23)cc1NC1CCC(O)CC1
CHEMBL3653876,150.0,=,IC50,6.82,1986710,Cc1nc2ncc(-c3cccc4c(-c5ccc(C(N)=O)c(NC6CCC(O)CC6)c5)nccc34)cc2[nH]1
CHEMBL3653877,390.0,=,IC50,6.41,1986711,CCc1nc2ncc(-c3cccc4c(-c5ccc(C(N)=O)c(NC6CCC(O)CC6)c5)nccc34)cc2[nH]1
CHEMBL3653878,690.0,=,IC50,6.16,1986712,NC(=O)c1ccc(-c2nccc3c(-c4cncnc4)cccc23)cc1NC1CCC(O)CC1
CHEMBL3653879,220.0,=,IC50,6.66,1986713,NC(=O)c1ccc(-c2nccc3c(-c4cnc5cc(C=O)ccc5c4)cccc23)cc1NC1CCC(O)CC1
CHEMBL3653880,70.0,=,IC50,7.16,1986714,Cn1cc(-c2cn(-c3cccc4c(-c5ccc(C(N)=O)c(NC6CCC(O)CC6)c5)nccc34)cn2)cn1
CHEMBL3653881,1560.0,=,IC50,5.81,1986715,NC(=O)c1ccc(-c2nccc3c(-c4cnc5ccc(CN6CCOCC6)cc5c4)cccc23)cc1NC1CCC(O)CC1
CHEMBL3653882,280.0,=,IC50,6.55,1986716,CC(C)Cn1cc(-c2cn(-c3cccc4c(-c5ccc(C(N)=O)c(NC6CCC(O)CC6)c5)nccc34)cn2)cn1
CHEMBL3653883,120.0,=,IC50,6.92,1986717,CC(C)n1cc(-c2cn(-c3cccc4c(-c5ccc(C(N)=O)c(NC6CCC(O)CC6)c5)nccc34)cn2)cn1
CHEMBL3653884,470.0,=,IC50,6.33,1986718,NC(=O)c1ccc(-c2nccc3c(-n4cnc(Br)c4)cccc23)cc1NC1CCC(O)CC1
CHEMBL3653885,370.0,=,IC50,6.43,1986719,CNC(=O)c1ccc(-c2cccc3c(-c4ccc(C(N)=O)c(NC5CCC(O)CC5)c4)nccc23)cn1
CHEMBL3653886,250.0,=,IC50,6.6,1986720,CNc1cc(-c2nccc3c(-n4cnc(-c5cnn(C)c5)c4)cccc23)ccc1C(N)=O
CHEMBL3653887,100.0,=,IC50,7.0,1986721,Cn1cc(-c2cn(-c3cccc4c(-c5ccc(C(N)=O)c(NCC6CCCO6)c5)nccc34)cn2)cn1
CHEMBL3653888,170.0,=,IC50,6.77,1986722,Cn1cc(-c2cn(-c3cccc4c(-c5ccc(C(N)=O)c(NCCc6ccccn6)c5)nccc34)cn2)cn1
CHEMBL3653889,190.0,=,IC50,6.72,1986723,CC(C)Nc1cc(-c2nccc3c(-n4cnc(-c5cnn(C)c5)c4)cccc23)ccc1C(N)=O
CHEMBL3653890,210.0,=,IC50,6.68,1986724,COCCNc1cc(-c2nccc3c(-n4cnc(-c5cnn(C)c5)c4)cccc23)ccc1C(N)=O
CHEMBL3653891,270.0,=,IC50,6.57,1986725,Cn1cc(-c2cn(-c3cccc4c(-c5ccc(C(N)=O)c(NC6CCCCCC6)c5)nccc34)cn2)cn1
CHEMBL3653892,170.0,=,IC50,6.77,1986726,CC(C)Nc1cc(-c2cc(C(F)(F)F)nc3c(-n4cnc(-c5cnn(C)c5)c4)cccc23)ccc1C(N)=O
CHEMBL3653893,220.0,=,IC50,6.66,1986727,Cn1cc(-c2cn(-c3cccc4c(-c5ccc(C(N)=O)c(NCC6CC6)c5)cc(C(F)(F)F)nc34)cn2)cn1
CHEMBL3653894,150.0,=,IC50,6.82,1986728,CCNc1cc(-c2nc(C)cc3c(-n4cnc(-c5cnn(C)c5)c4)cccc23)ccc1C(N)=O
CHEMBL3653895,210.0,=,IC50,6.68,1986729,Cc1cc2c(-n3cnc(-c4cnn(C)c4)c3)cccc2c(-c2ccc(C(N)=O)c(NC(C)C)c2)n1
CHEMBL3653896,190.0,=,IC50,6.72,1986730,Cc1cc2c(-n3cnc(-c4cnn(C)c4)c3)cccc2c(-c2ccc(C(N)=O)c(NCC3CC3)c2)n1
CHEMBL3653897,150.0,=,IC50,6.82,1986731,Cn1cc(-c2cn(-c3cccc4c(-c5ccc(C(N)=O)c(N)c5)cc(C(F)(F)F)nc34)cn2)cn1
CHEMBL3653898,210.0,=,IC50,6.68,1986732,Cn1cc(-c2cn(-c3cccc4c(-c5ccc(C(N)=O)c(F)c5)cc(C(F)(F)F)nc34)cn2)cn1
CHEMBL3653899,170.0,=,IC50,6.77,1986733,Cc1cc2c(-n3cnc(-c4cnn(C)c4)c3)cccc2c(-c2ccc(C(N)=O)c(N)c2)n1
CHEMBL3653900,740.0,=,IC50,6.13,1986734,CCNc1cc(-c2nccc3c(-n4cnc(-c5cnn(C)c5)c4)ccnc23)ccc1C(N)=O
CHEMBL3653901,190.0,=,IC50,6.72,1986735,Cn1cc(-c2cn(-c3cccc4c(-c5ccc(C(N)=O)cc5N)cc(C(F)(F)F)nc34)cn2)cn1
CHEMBL3653902,440.0,=,IC50,6.36,1986736,Cc1cc2c(-n3cnc(-c4cnn(C)c4)c3)cccc2c(-c2ccc(C(N)=O)cc2N)n1
CHEMBL3653903,210.0,=,IC50,6.68,1986737,Cn1cc(-c2cn(-c3cccc4c(-c5ccc(C(N)=O)cc5N)nc(C(F)(F)F)nc34)cn2)cn1
CHEMBL3653904,200.0,=,IC50,6.7,1986738,CC(C)(C)Nc1cc(-c2cc(C(F)(F)F)nc3c(-n4cnc(-c5cccnc5)c4)cccc23)ccc1C(N)=O
CHEMBL3653905,170.0,=,IC50,6.77,1986739,CCNc1cc(-c2cc(C(F)(F)F)nc3c(-n4cnc(-c5cccnc5)c4)cccc23)ccc1C(N)=O
CHEMBL3653906,180.0,=,IC50,6.75,1986740,NC(=O)c1ccc(-c2cc(C(F)(F)F)nc3c(-n4cnc(-c5cccnc5)c4)cccc23)cc1N
CHEMBL3653907,320.0,=,IC50,6.5,1986741,Cn1cc(-c2cn(-c3cccc4c(-c5ccc(C(N)=O)c(NC(C)(C)C)c5)nc(C(F)(F)F)nc34)cn2)cn1
CHEMBL3653908,140.0,=,IC50,6.85,1986742,CCNc1cc(-c2nc(C(F)(F)F)nc3c(-n4cnc(-c5cnn(C)c5)c4)cccc23)ccc1C(N)=O
CHEMBL3653909,870.0,=,IC50,6.06,1986743,Cn1cc(-c2cn(-c3cccc4c(-c5ccc(C(N)=O)c(Cl)c5)cc(C(F)(F)F)nc34)cn2)cn1
CHEMBL3653910,210.0,=,IC50,6.68,1986744,Cn1cc(-c2cn(-c3cccc4c(-c5ccc(C(N)=O)nc5)cc(C(F)(F)F)nc34)cn2)cn1
CHEMBL3653911,220.0,=,IC50,6.66,1986745,Cc1cc(C(N)=O)ccc1-c1cc(C(F)(F)F)nc2c(-n3cnc(-c4cnn(C)c4)c3)cccc12
CHEMBL3653912,310.0,=,IC50,6.51,1986746,Cc1cc(C(N)=O)ccc1-c1nc(C(F)(F)F)nc2c(-n3cnc(-c4cnn(C)c4)c3)cccc12
CHEMBL3653913,100.0,=,IC50,7.0,1986747,Cn1cc(-c2cn(-c3cccc4c(-c5ccc(C(N)=O)c(NC(C)(C)C)c5)cc(C(F)(F)F)nc34)cn2)cn1
CHEMBL3653914,280.0,=,IC50,6.55,1986748,CCCNc1cc(C(N)=O)ccc1-c1cc(C(F)(F)F)nc2c(-n3cnc(-c4cnn(C)c4)c3)cccc12
CHEMBL3653915,350.0,=,IC50,6.46,1986749,NC(=O)c1ccc(-c2cc(C(F)(F)F)nc3c(-n4cnc(-c5cccnc5)c4)cccc23)cn1
CHEMBL3653916,220.0,=,IC50,6.66,1986750,CCNc1cc(-c2cc(C(F)(F)F)nc3c(-n4cnc(-c5cnn(CC)c5)c4)cccc23)ccc1C(N)=O
CHEMBL3653917,580.0,=,IC50,6.24,1986751,CCn1cc(-c2cn(-c3cccc4c(-c5ccc(C(N)=O)c(NC(C)(C)C)c5)cc(C(F)(F)F)nc34)cn2)cn1
CHEMBL3653918,230.0,=,IC50,6.64,1986752,CCNc1cc(-c2cc(C(F)(F)F)nc3c(-n4cnc(-c5cnn(C(F)F)c5)c4)cccc23)ccc1C(N)=O
CHEMBL3653919,790.0,=,IC50,6.1,1986753,CC(C)(C)Nc1cc(-c2cc(C(F)(F)F)nc3c(-n4cnc(-c5cnn(C(F)F)c5)c4)cccc23)ccc1C(N)=O
CHEMBL3653920,100.0,=,IC50,7.0,1986754,Cc1cc2c(-n3cnc(-c4cnn(C)c4)c3)cccc2c(-c2ccc(C(N)=O)c(NC(C)(C)C)c2)n1
CHEMBL3653921,500.0,=,IC50,6.3,1986755,Cc1cc(C(N)=O)ccc1-c1cc(C(F)(F)F)nc2c(-n3cnc(-c4cnn(C(F)F)c4)c3)cccc12
CHEMBL3653922,400.0,=,IC50,6.4,1986756,Cc1cc2c(-n3cnc(-c4cnn(C)c4)c3)cccc2c(-c2ccc(C(N)=O)cc2C)n1
CHEMBL3653923,140.0,=,IC50,6.85,1986757,Cn1cc(-c2cn(-c3cccc4c(-c5ccc(C(N)=O)c(NC(C)(C)C)c5)nccc34)cn2)cn1
CHEMBL3653924,160.0,=,IC50,6.8,1986758,Cc1cc(-c2ccc(C(N)=O)c(NC(C)(C)C)c2)c2cccc(-n3cnc(-c4cnn(C)c4)c3)c2n1
CHEMBL3653925,80.0,=,IC50,7.1,1986759,COCCNc1cc(-c2nc(C)cc3c(-n4cnc(-c5cnn(C)c5)c4)cccc23)ccc1C(N)=O
CHEMBL3653926,270.0,=,IC50,6.57,1986760,Cc1ccc(-c2cn(-c3cccc4c(-c5ccc(C(N)=O)c(NC(C)(C)C)c5)cc(C(F)(F)F)nc34)cn2)cn1
CHEMBL3653927,340.0,=,IC50,6.47,1986761,Cc1ccc(-c2cn(-c3cccc4c(-c5ccc(C(N)=O)cc5C)cc(C(F)(F)F)nc34)cn2)cn1
CHEMBL3653928,120.0,=,IC50,6.92,1986762,Cc1cc(-c2ccc(C(N)=O)c(N)c2)c2cccc(-n3cnc(-c4cnn(C)c4)c3)c2n1
CHEMBL3653929,250.0,=,IC50,6.6,1986763,Cc1cc(-c2ccc(C(N)=O)cc2C)c2cccc(-n3cnc(-c4cnn(C)c4)c3)c2n1
CHEMBL3653930,120.0,=,IC50,6.92,1986764,CCc1cc(-c2ccc(C(N)=O)c(NC(C)(C)C)c2)c2cccc(-n3cnc(-c4cnn(C)c4)c3)c2n1
CHEMBL3653931,60.0,=,IC50,7.22,1986765,CCc1cc(-c2ccc(C(N)=O)c(N)c2)c2cccc(-n3cnc(-c4cnn(C)c4)c3)c2n1
CHEMBL3653932,400.0,=,IC50,6.4,1986766,Cn1cc(-c2cn(-c3cccc4c(-c5ccc(C(N)=O)c(NC(C)(C)C)c5)cc(C5CC5)nc34)cn2)cn1
CHEMBL3653933,100.0,=,IC50,7.0,1986767,Cn1cc(-c2cn(-c3cccc4c(-c5ccc(C(N)=O)c(N)c5)cc(C5CC5)nc34)cn2)cn1
CHEMBL3653934,3390.0,=,IC50,5.47,1986768,CC(C)(C)Nc1cc(-c2cc(C(F)(F)F)nc3c(-n4cnc(-c5ccccc5)c4)cccc23)ccc1C(N)=O
CHEMBL3653935,3750.0,=,IC50,5.43,1986769,NC(=O)c1ccc(-c2cc(C(F)(F)F)nc3c(-n4cnc(-c5ccccc5)c4)cccc23)cc1N
CHEMBL3653936,4360.0,=,IC50,5.36,1986770,CC(C)OCCNc1cc(-c2cc(C(F)(F)F)nc3c(-n4cnc(-c5ccccc5)c4)cccc23)ccc1C(N)=O
CHEMBL3653937,380.0,=,IC50,6.42,1986771,NC(=O)c1ccc(-c2cc(C(F)(F)F)nc3c(-c4cnc5ccccc5c4)cccc23)cc1N
CHEMBL3653938,840.0,=,IC50,6.08,1986772,CC(C)OCCNc1cc(-c2cc(C(F)(F)F)nc3c(-c4cnc5ccccc5c4)cccc23)ccc1C(N)=O
CHEMBL3653939,500.0,=,IC50,6.3,1986773,CC(C)c1cc(-c2ccc(C(N)=O)c(NC(C)(C)C)c2)c2cccc(-n3cnc(-c4cnn(C)c4)c3)c2n1
CHEMBL3653940,80.0,=,IC50,7.1,1986774,CC(C)c1cc(-c2ccc(C(N)=O)c(N)c2)c2cccc(-n3cnc(-c4cnn(C)c4)c3)c2n1
CHEMBL3653941,70.0,=,IC50,7.16,1986775,NC(=O)c1ccc(-c2nc(C(F)(F)F)nc3c(-c4cnc5ccccc5c4)cccc23)cc1NC1CCC(O)CC1
CHEMBL3653942,140.0,=,IC50,6.85,1986776,NC(=O)c1ccc(-c2nc(C3CC3)nc3c(-c4cnc5ccccc5c4)cccc23)cc1NC1CCC(O)CC1
CHEMBL3653943,290.0,=,IC50,6.54,1986777,NC(=O)c1ccc(-c2ccnc3c(-c4cnc5ccccc5c4)cccc23)cc1NC1CCC(O)CC1
CHEMBL3653944,250.0,=,IC50,6.6,1986778,Cc1ccc(-c2cn(-c3cccc4c(-c5ccc(C(N)=O)c(N)c5)cc(C(F)(F)F)nc34)cn2)cn1
CHEMBL3653945,830.0,=,IC50,6.08,1986779,CCNc1cc(-c2cccc3c(-n4cnc(-c5cnn(C)c5)c4)ccnc23)ccc1C(N)=O
CHEMBL3653946,190.0,=,IC50,6.72,1986780,CCc1cc(-c2ccc(C(N)=O)c(N)c2)c2cccc(-c3cnc4ccccc4c3)c2n1
CHEMBL3653947,180.0,=,IC50,6.75,1986781,CC(C)c1cc(-c2ccc(C(N)=O)c(N)c2)c2cccc(-c3cnc4ccccc4c3)c2n1
CHEMBL3653948,90.0,=,IC50,7.05,1986782,CCc1cc(-c2ccc(C(N)=O)c(N)c2)c2cccc(-n3cnc(-c4cccnc4)c3)c2n1
CHEMBL3653949,160.0,=,IC50,6.8,1986783,CC(C)c1cc(-c2ccc(C(N)=O)c(N)c2)c2cccc(-n3cnc(-c4cccnc4)c3)c2n1
CHEMBL3653950,130.0,=,IC50,6.89,1986784,CCc1cc(-c2ccc(C(N)=O)c(N)c2)c2cccc(-n3cnc(-c4ccc(C)nc4)c3)c2n1
CHEMBL3653951,160.0,=,IC50,6.8,1986785,Cc1ccc(-c2cn(-c3cccc4c(-c5ccc(C(N)=O)c(N)c5)cc(C(C)C)nc34)cn2)cn1
CHEMBL3653952,1530.0,=,IC50,5.82,1986786,CC(C)(C)Nc1cc(-c2nccc3c(-c4cnc5ccccc5c4)cccc23)ccc1C(N)=O
CHEMBL3653953,210.0,=,IC50,6.68,1986787,CC(C)(C)Nc1cc(-c2nccc3c(-n4cnc(-c5cccnc5)c4)cccc23)ccc1C(N)=O
CHEMBL3653954,310.0,=,IC50,6.51,1986788,Cn1cc(-c2cn(-c3cccc4c(-c5ccc(C(N)=O)c(N)c5)nccc34)cn2)cn1
CHEMBL3653955,90.0,=,IC50,7.05,1986789,CC(C)c1cc(-c2ccc(C(N)=O)c(N)c2)c2cccc(-n3cnc(-c4ccc[n+]([O-])c4)c3)c2n1
CHEMBL3653956,110.0,=,IC50,6.96,1986790,Cn1cc(-c2cn(-c3cccc4c(-c5ccc(C(N)=O)c(NC(C)(C)C)c5)ccnc34)cn2)cn1
CHEMBL3653957,260.0,=,IC50,6.58,1986791,CC(C)(C)Nc1cc(-c2ccnc3c(-n4cnc(-c5cccnc5)c4)cccc23)ccc1C(N)=O
CHEMBL3653958,320.0,=,IC50,6.5,1986792,Cn1cc(-c2cn(-c3cccc4c(-c5ccc(C(N)=O)c(N)c5)ccnc34)cn2)cn1
CHEMBL3653959,840.0,=,IC50,6.08,1986793,NC(=O)c1ccc(-c2ccnc3c(-n4cnc(-c5cccnc5)c4)cccc23)cc1N
CHEMBL2443029,0.8,=,Kd,9.1,1589559,CCNC(=O)c1cc(-c2c(O)cc(O)cc2Oc2ccc([N+](=O)[O-])cc2)on1
CHEMBL2443028,9.2,=,Kd,8.04,1589558,CCNC(=O)c1cc(-c2c(O)cc(O)cc2Oc2ccc(Cl)cc2)on1
CHEMBL2443048,3.2,=,Kd,8.49,1589578,CC(C)N1CCC(NC(=O)c2cc(-c3c(O)cc(O)cc3Oc3ccc([N+](=O)[O-])cc3)on2)CC1
CHEMBL2443131,0.3,=,Kd,9.52,1589662,O=C(NC1CCN(C2CCCCC2)CC1)c1cc(-c2c(O)cc(O)cc2Oc2ccc([N+](=O)[O-])cc2)on1
CHEMBL2443138,0.12,=,Kd,9.92,1589669,CN1CCC(NC(=O)c2cc(-c3c(O)cc(O)cc3Oc3ccc(N(C)C)cc3)on2)CC1
CHEMBL3696215,0.8,=,Kd,9.1,2029476,O=C(NC1CCN(C2CCC(F)(F)CC2)CC1)c1cc(-c2c(O)cc(O)cc2Oc2ccc([N+](=O)[O-])cc2)on1
CHEMBL2443044,0.35,=,Kd,9.46,1589574,CN1CCC(NC(=O)c2cc(-c3c(O)cc(O)cc3Oc3ccc([N+](=O)[O-])cc3)on2)CC1
CHEMBL2443026,0.057,=,Kd,10.24,1589556,CN(C)c1ccc(Oc2cc(O)cc(O)c2-c2cc(C(=O)NC3CCN(C4CCC5(CC4)OCCO5)CC3)no2)cc1
CHEMBL3696216,0.043,=,Kd,10.37,2029477,CN(C)c1ccc(Oc2cc(O)cc(O)c2-c2cc(C(=O)NC3CCN(C4CCC5(CC4)OCCO5)CC3)on2)cc1
CHEMBL3696217,0.066,=,Kd,10.18,2029478,CN1CCC(NC(=O)c2cc(-c3c(O)cc(O)cc3Oc3ccc(N(C)C)cc3)no2)CC1
CHEMBL2443139,0.218,=,Kd,9.66,1589670,CC(C)Nc1ccc(Oc2cc(O)cc(O)c2-c2cc(C(=O)NC3CCN(C)CC3)no2)cc1
CHEMBL3696218,0.08,=,Kd,10.1,2029479,CN(C)c1ccc(Oc2cc(O)cc(O)c2-c2cc(C(=O)NC3CCN(C4CCC5(CC4)OCC(C)(C)CO5)CC3)no2)cc1
CHEMBL3696219,0.423,=,Kd,9.37,2029480,CN(C)c1ccc(Oc2cc(O)cc(O)c2-c2cc(C(=O)NC3CCN(C4CCC5(CC4)OCCCCO5)CC3)no2)cc1
CHEMBL3696220,0.079,=,Kd,10.1,2029481,CN(C)c1ccc(Oc2cc(O)cc(O)c2-c2cc(C(=O)NC3CCN(C4CCC5(CC4)OCCCO5)CC3)no2)cc1
CHEMBL3696221,0.188,=,Kd,9.73,2029482,CN(C)c1ccc(Oc2cc(O)cc(O)c2-c2cc(C(=O)NC3CCN(CC4CCCCC4)CC3)no2)cc1
CHEMBL3696222,0.057,=,Kd,10.24,2029483,CN(C)c1ccc(Oc2cc(O)cc(O)c2-c2cc(C(=O)NC3CCN(C4CCC(F)(F)CC4)CC3)no2)cc1
CHEMBL3696223,0.24,=,Kd,9.62,2029484,CN1CCC(NC(=O)c2cc(-c3c(O)cc(O)cc3Oc3ccc([N+](=O)[O-])cc3)no2)CC1
CHEMBL2443025,0.09,=,Kd,10.05,1589555,CN(C)c1ccc(Oc2cc(O)cc(O)c2-c2cc(C(=O)NC3CCN(C4CCCCC4)CC3)no2)cc1
CHEMBL3906881,170.0,=,IC50,6.77,2116252,CC(C)c1nn(-c2ccc(C(N)=O)c(NC(C)(C)C)c2)c2cccc(-n3cnc(-c4cccnc4)c3)c12
CHEMBL3940608,740.0,=,IC50,6.13,2149979,CC(C)c1nn(-c2ccc(C(N)=O)cc2Cl)c2cccc(-n3cnc(-c4cccnc4)c3)c12
CHEMBL3960076,160.0,=,IC50,6.8,2169447,Cc1cc(C(N)=O)ccc1-n1nc(C(C)C)c2c(-n3cnc(-c4cccnc4)c3)cccc21
CHEMBL3936072,240.0,=,IC50,6.62,2145443,CC(C)c1nn(-c2ccc(C(N)=O)cc2Cl)c2cccc(-n3cnc(-c4cnn(C)c4)c3)c12
CHEMBL3948075,100.0,=,IC50,7.0,2157446,CCc1cc(C(N)=O)ccc1-n1nc(C(C)C)c2c(-n3cnc(-c4cnn(C)c4)c3)cccc21
CHEMBL3942096,370.0,=,IC50,6.43,2151467,CC(C)c1nn(-c2ccc(C(N)=O)nc2)c2cccc(-n3cnc(-c4cnn(C)c4)c3)c12
CHEMBL3939336,110.0,=,IC50,6.96,2148707,Cc1cc(C(N)=O)ccc1-n1nc(C(C)C)c2c(-n3cnc(-c4cnn(C)c4)c3)cccc21
CHEMBL3920723,260.0,=,IC50,6.58,2130094,CC(C)c1nn(-c2ccc(C(N)=O)c(NC(C)(C)C)c2)c2cccc(-n3cnc(-c4cnn(C)c4)c3)c12
CHEMBL3984747,250.0,=,IC50,6.6,2194118,CC(C)Nc1cc(C(N)=O)ccc1-n1nc(C(C)C)c2c(-n3cnc(-c4cccnc4)c3)cccc21
CHEMBL3956105,300.0,=,IC50,6.52,2165476,CC(C)c1nn(-c2ccc(C(N)=O)cc2NC2CCC2)c2cccc(-n3cnc(-c4cccnc4)c3)c12
CHEMBL3967090,120.0,=,IC50,6.92,2176461,CC(C)Nc1cc(C(N)=O)ccc1-n1nc(C(C)C)c2c(-n3cnc(-c4cnn(C)c4)c3)cccc21
CHEMBL3940923,200.0,=,IC50,6.7,2150294,CC(C)c1nn(-c2ccc(C(N)=O)cc2NC2CCC2)c2cccc(-n3cnc(-c4cnn(C)c4)c3)c12
CHEMBL3978747,270.0,=,IC50,6.57,2188118,Cn1cc(-c2cn(-c3cccc4c3c(C(F)(F)F)nn4-c3ccc(C(N)=O)c(NC(C)(C)C)c3)cn2)cn1
CHEMBL3949687,230.0,=,IC50,6.64,2159058,CCNc1cc(-n2nc(C(F)(F)F)c3c(-n4cnc(-c5cnn(C)c5)c4)cccc32)ccc1C(N)=O
CHEMBL3924611,290.0,=,IC50,6.54,2133982,CC(C)(C)Nc1cc(-n2nc(C(F)(F)F)c3c(-n4cnc(-c5cccnc5)c4)cccc32)ccc1C(N)=O
CHEMBL3982828,490.0,=,IC50,6.31,2192199,Cc1cc(C(N)=O)ccc1-n1nc(C(F)(F)F)c2c(-n3cnc(-c4cccnc4)c3)cccc21
CHEMBL3945420,90.0,=,IC50,7.05,2154791,CCc1cc(C(N)=O)ccc1-n1nc(C(F)(F)F)c2c(-n3cnc(-c4cnn(C)c4)c3)cccc21
CHEMBL3905841,170.0,=,IC50,6.77,2115212,CCc1cc(C(N)=O)ccc1-n1nc(C(F)(F)F)c2c(-n3cnc(-c4cccnc4)c3)cccc21
CHEMBL3925837,140.0,=,IC50,6.85,2135208,CC(C)Nc1cc(C(N)=O)ccc1-n1nc(C(F)(F)F)c2c(-n3cnc(-c4cnn(C)c4)c3)cccc21
CHEMBL3976246,150.0,=,IC50,6.82,2185617,Cn1cc(-c2cn(-c3cccc4c3c(C(F)(F)F)nn4-c3ccc(C(N)=O)cc3NC3CCC3)cn2)cn1
CHEMBL3967821,140.0,=,IC50,6.85,2177192,CC(C)Nc1cc(C(N)=O)ccc1-n1nc(C(F)(F)F)c2c(-n3cnc(-c4cccnc4)c3)cccc21
CHEMBL3890348,280.0,=,IC50,6.55,2099719,NC(=O)c1ccc(-n2nc(C(F)(F)F)c3c(-n4cnc(-c5cccnc5)c4)cccc32)c(NC2CCC2)c1
CHEMBL3958214,80.0,=,IC50,7.1,2167585,Cn1cc(-c2cn(-c3cccc4c3c(C(F)(F)F)nn4-c3ccc(C(N)=O)cc3N)cn2)cn1
CHEMBL3892697,100.0,=,IC50,7.0,2102068,NC(=O)c1ccc(-n2nc(C(F)(F)F)c3c(-n4cnc(-c5cccnc5)c4)cccc32)c(N)c1
CHEMBL3893784,190.0,=,IC50,6.72,2103155,Cc1cn(-c2ccc(C(N)=O)c(NC(C)(C)C)c2)c2cccc(-n3cnc(-c4cnn(C)c4)c3)c12
CHEMBL3940074,430.0,=,IC50,6.37,2149445,Cc1cn(-c2ccc(C(N)=O)c(NC(C)(C)C)c2)c2cccc(-n3cnc(-c4cccnc4)c3)c12
CHEMBL3912090,260.0,=,IC50,6.58,2121461,CCc1cn(-c2ccc(C(N)=O)c(NC(C)(C)C)c2)c2cccc(-n3cnc(-c4cnn(C)c4)c3)c12
CHEMBL3948848,120.0,=,IC50,6.92,2158219,CCCc1cn(-c2ccc(C(N)=O)cc2CC)c2cccc(-n3cnc(-c4cnn(C)c4)c3)c12
CHEMBL3917517,250.0,=,IC50,6.6,2126888,CCCc1cn(-c2ccc(C(N)=O)c(NC(C)(C)C)c2)c2cccc(-n3cnc(-c4cnn(C)c4)c3)c12
CHEMBL3946586,160.0,=,IC50,6.8,2155957,CCc1cc(C(N)=O)ccc1-n1cc(C(C)C)c2c(-n3cnc(-c4cnn(C)c4)c3)cccc21
CHEMBL3918749,420.0,=,IC50,6.38,2128120,CC(C)c1cn(-c2ccc(C(N)=O)c(NC(C)(C)C)c2)c2cccc(-n3cnc(-c4cnn(C)c4)c3)c12
CHEMBL4061698,1380.0,=,Ki,5.86,2201609,COc1ccc(N(C)C(=O)c2ccc(O)cc2O)cc1
CHEMBL4089806,1230.0,=,Ki,5.91,2229717,CN(C)C(=O)c1ccc(N(C)C(=O)c2ccc(O)cc2O)cc1
CHEMBL3714988,9150.0,=,Ki,5.04,2042187,CC1CCc2cc(F)ccc2N1C(=O)c1ccc(O)cc1O
CHEMBL3715843,3480.0,=,Ki,5.46,2042189,C[C@H]1CCc2cc(F)ccc2N1C(=O)c1ccc(O)cc1O
CHEMBL4097485,184.0,=,Ki,6.74,2237396,CN(C(=O)c1ccc(O)cc1O)c1ccc(C(=O)N2CC(C(=O)O)Oc3ccccc32)cc1
CHEMBL4060353,32.0,=,Ki,7.5,2200264,CCNC(=O)c1noc(-c2cc(Cl)c(O)cc2O)c1-c1ccc(CN2CCOCC2)cc1C
CHEMBL3718319,2510.0,=,Ki,5.6,2041430,C[C@H]1CCc2cc(C(=O)N(C)Cc3ccc4nccnc4c3)ccc2N1C(=O)c1ccc(O)cc1O
CHEMBL3716663,10600.0,=,Ki,4.97,2041812,Cc1cc2ccccc2nc1-c1ccc2c(c1)CC[C@H](C)N2C(=O)c1ccc(O)cc1O
CHEMBL4100504,1980.0,=,Ki,5.7,2240415,Cc1cnc(Cl)nc1-c1ccc2c(c1)CC[C@H](C)N2C(=O)c1ccc(O)cc1O
CHEMBL3717621,1780.0,=,Ki,5.75,2041814,C[C@H]1CCc2cc(-c3nc(Cl)nc4ccsc34)ccc2N1C(=O)c1ccc(O)cc1O
CHEMBL3731789,1020.0,=,Ki,5.99,2047121,CN(Cc1ccc2nccnc2c1)C(=O)c1ccc(N(Cc2ccccc2)C(=O)c2ccc(O)cc2O)cc1
CHEMBL3732469,6550.0,=,Ki,5.18,2047460,Cc1cnc(Cl)nc1-c1ccc(N(Cc2ccccc2)C(=O)c2ccc(O)cc2O)cc1
CHEMBL3727843,3210.0,=,Ki,5.49,2047908,Cc1cnc(Cl)nc1-c1ccc(N(Cc2ccc(CN3CCCC3)cc2)C(=O)c2ccc(O)cc2O)cc1
CHEMBL4082531,47000.0,=,IC50,4.33,2222442,O=S(=O)(c1ccc(O)cc1O)N1Cc2cc(O)cc(O)c2C1
CHEMBL4061698,3020.0,=,IC50,5.52,2201609,COc1ccc(N(C)C(=O)c2ccc(O)cc2O)cc1
CHEMBL4089806,2970.0,=,IC50,5.53,2229717,CN(C)C(=O)c1ccc(N(C)C(=O)c2ccc(O)cc2O)cc1
CHEMBL200102,89.0,=,IC50,7.05,335628,CC(C)NCCCn1c(Sc2cc3c(cc2I)OCO3)nc2c(N)ncnc21
CHEMBL467399,52.0,=,IC50,7.28,495617,COc1c(C)cnc(Cn2cnc3c(Cl)nc(N)nc32)c1C
CHEMBL4095912,8932.0,=,IC50,5.05,2235823,Nc1nc(Cl)c2cnn(Cc3ccc4c(c3)OCO4)c2n1
CHEMBL4068596,698.0,=,IC50,6.16,2208507,Nc1nc(Cl)c2cnn(Cc3cc4c(cc3Br)OCO4)c2n1
CHEMBL4080323,97.0,=,IC50,7.01,2220234,COc1c(C)cnc(Cn2ncc3c(Cl)nc(N)nc32)c1C
CHEMBL109480,309.0,=,IC50,6.51,183934,C=CCNC1=C2C[C@@H](C)C[C@H](OC)[C@H](O)[C@@H](C)/C=C(\C)[C@H](OC(N)=O)[C@@H](OC)/C=C\C=C(/C)C(=O)NC(=CC1=O)C2=O
CHEMBL4083873,752.0,=,IC50,6.12,2223784,COc1ccc(Cn2cc(-c3ccc(O)c(O)c3)c(-c3ccc(O)c(O)c3)c2)cc1
CHEMBL4062144,374.0,=,IC50,6.43,2202055,COc1ccc(Cn2cc(-c3ccc(O)c(O)c3)c(-c3ccc(O)c(O)c3)c2)cc1OC
CHEMBL4061614,852.0,=,IC50,6.07,2201525,COc1cc(Cn2cc(-c3ccc(O)c(O)c3)c(-c3ccc(O)c(O)c3)c2)cc(OC)c1OC
CHEMBL4105335,79.0,=,IC50,7.1,2245246,COC(=O)[C@H](NC(=O)c1noc(-c2cc(C(C)C)c(O)cc2O)c1-c1ccc(CN2CCOCC2)cc1)C(C)C
CHEMBL4076047,151.0,=,IC50,6.82,2215958,COC(=O)[C@@H](CC(C)C)NC(=O)c1noc(-c2cc(C(C)C)c(O)cc2O)c1-c1ccc(CN2CCOCC2)cc1
CHEMBL4071988,514.0,=,IC50,6.29,2211899,COC(=O)[C@H](CCCCNC(=O)OCc1ccccc1)NC(=O)c1noc(-c2cc(C(C)C)c(O)cc2O)c1-c1ccc(CN2CCOCC2)cc1
CHEMBL4078956,836.0,=,IC50,6.08,2218867,COC(=O)[C@@H](CC1CCCCC1)NC(=O)c1noc(-c2cc(C(C)C)c(O)cc2O)c1-c1ccc(CN2CCOCC2)cc1
CHEMBL4076195,72.0,=,IC50,7.14,2216106,COC(=O)[C@@H](CO)NC(=O)c1noc(-c2cc(C(C)C)c(O)cc2O)c1-c1ccc(CN2CCOCC2)cc1
CHEMBL4083380,260.0,=,IC50,6.58,2223291,COC(=O)[C@@H](Cc1ccccc1)NC(=O)c1noc(-c2cc(C(C)C)c(O)cc2O)c1-c1ccc(CN2CCOCC2)cc1
CHEMBL4077514,368.0,=,IC50,6.43,2217425,COC(=O)[C@@H](Cc1c[nH]c2ccccc12)NC(=O)c1noc(-c2cc(C(C)C)c(O)cc2O)c1-c1ccc(CN2CCOCC2)cc1
CHEMBL252164,22.0,=,IC50,7.66,419032,CCNC(=O)c1noc(-c2cc(C(C)C)c(O)cc2O)c1-c1ccc(CN2CCOCC2)cc1
CHEMBL4083722,189.0,=,IC50,6.72,2223633,CCOC(=O)[C@H](NC(=O)c1noc(-c2cc(C(C)C)c(O)cc2O)c1-c1ccc(CN2CCOCC2)cc1)C(C)C
CHEMBL4071863,112.0,=,IC50,6.95,2211774,CC(C)c1cc(-c2onc(C(=O)N[C@@H](C(=O)OC(C)(C)C)C(C)C)c2-c2ccc(CN3CCOCC3)cc2)c(O)cc1O
CHEMBL4093385,21.0,=,IC50,7.68,2233296,CNC(=O)[C@H](NC(=O)c1noc(-c2cc(C(C)C)c(O)cc2O)c1-c1ccc(CN2CCOCC2)cc1)C(C)C
CHEMBL4073419,28.0,=,IC50,7.55,2213330,CCNC(=O)[C@H](NC(=O)c1noc(-c2cc(C(C)C)c(O)cc2O)c1-c1ccc(CN2CCOCC2)cc1)C(C)C
CHEMBL4095108,106.0,=,IC50,6.97,2235019,CC(C)c1cc(-c2onc(C(=O)N[C@@H](C(=O)NC3(CO)CC3)C(C)C)c2-c2ccc(CN3CCOCC3)cc2)c(O)cc1O
CHEMBL4096929,39.0,=,IC50,7.41,2236840,CC(C)c1cc(-c2onc(C(=O)N[C@@H](C(=O)N3CC(F)(F)C3)C(C)C)c2-c2ccc(CN3CCOCC3)cc2)c(O)cc1O
CHEMBL4078145,429.0,=,IC50,6.37,2218056,CC(C)c1cc(-c2onc(C(=O)N[C@@H](C(=O)N3CCN(C)CC3)C(C)C)c2-c2ccc(CN3CCOCC3)cc2)c(O)cc1O
CHEMBL4077202,206.0,=,IC50,6.69,2217113,CC(C)c1cc(-c2onc(C(=O)N[C@@H](C(=O)NCCN3CCOCC3)C(C)C)c2-c2ccc(CN3CCOCC3)cc2)c(O)cc1O
CHEMBL4093400,397.0,=,IC50,6.4,2233311,COC(=O)[C@@H](Cc1ccccc1)NC(=O)[C@H](NC(=O)c1noc(-c2cc(C(C)C)c(O)cc2O)c1-c1ccc(CN2CCOCC2)cc1)C(C)C
CHEMBL4105667,206.0,=,IC50,6.69,2245578,COC(=O)[C@H](NC(=O)[C@H](NC(=O)c1noc(-c2cc(C(C)C)c(O)cc2O)c1-c1ccc(CN2CCOCC2)cc1)C(C)C)C(C)C
CHEMBL4077012,285.0,=,IC50,6.54,2216923,COC(=O)[C@@H](CC(C)C)NC(=O)[C@H](NC(=O)c1noc(-c2cc(C(C)C)c(O)cc2O)c1-c1ccc(CN2CCOCC2)cc1)C(C)C
CHEMBL4101324,259.0,=,IC50,6.59,2241235,COC(=O)[C@H](NC(=O)[C@H](NC(=O)[C@H](NC(=O)c1noc(-c2cc(C(C)C)c(O)cc2O)c1-c1ccc(CN2CCOCC2)cc1)C(C)C)C(C)C)C(C)C
CHEMBL4063033,528.0,=,IC50,6.28,2202944,COC(=O)[C@H](NC(=O)[C@H](NC(=O)[C@H](NC(=O)[C@H](NC(=O)c1noc(-c2cc(C(C)C)c(O)cc2O)c1-c1ccc(CN2CCOCC2)cc1)C(C)C)C(C)C)C(C)C)C(C)C
CHEMBL4090031,473.0,=,IC50,6.33,2229942,COC(=O)[C@H](NC(=O)c1cnc(N2CCN(C(=O)c3noc(-c4cc(C(C)C)c(O)cc4O)c3-c3ccc(CN4CCOCC4)cc3)CC2)nc1)C(C)C
CHEMBL4070995,749.0,=,IC50,6.13,2210906,COC(=O)[C@@H](Cc1ccccc1)NC(=O)c1cnc(N2CCC(CNC(=O)c3noc(-c4cc(C(C)C)c(O)cc4O)c3-c3ccc(CN4CCOCC4)cc3)CC2)nc1
CHEMBL4098075,407.0,=,IC50,6.39,2237986,COC(=O)[C@H](NC(=O)c1cnc(N2CCC(CNC(=O)c3noc(-c4cc(C(C)C)c(O)cc4O)c3-c3ccc(CN4CCOCC4)cc3)CC2)nc1)C(C)C
CHEMBL4062362,307.0,=,IC50,6.51,2202273,COC(=O)[C@@H](Cc1ccccc1)NC(=O)CCCCCNC(=O)c1noc(-c2cc(C(C)C)c(O)cc2O)c1-c1ccc(CN2CCOCC2)cc1
CHEMBL4074892,98.0,=,IC50,7.01,2214803,COC(=O)[C@H](NC(=O)CCCCCNC(=O)c1noc(-c2cc(C(C)C)c(O)cc2O)c1-c1ccc(CN2CCOCC2)cc1)C(C)C
CHEMBL4082518,154.0,=,IC50,6.81,2222429,COC(=O)[C@H](NC(=O)COCCOCCNC(=O)c1noc(-c2cc(C(C)C)c(O)cc2O)c1-c1ccc(CN2CCOCC2)cc1)C(C)C
CHEMBL4092797,122.0,=,IC50,6.91,2232708,COC(=O)[C@@H](Cc1ccccc1)NC(=O)COCCOCCOCCNC(=O)c1noc(-c2cc(C(C)C)c(O)cc2O)c1-c1ccc(CN2CCOCC2)cc1
CHEMBL4072042,14.0,=,IC50,7.85,2211953,COC(=O)[C@H](NC(=O)COCCOCCOCCNC(=O)c1noc(-c2cc(C(C)C)c(O)cc2O)c1-c1ccc(CN2CCOCC2)cc1)C(C)C
CHEMBL4075556,840.0,=,Ki,6.08,2215467,Oc1cc(O)c(Cl)c(CCc2nccn2Cc2ccccc2)c1Cl
CHEMBL4075556,6200.0,=,IC50,5.21,2215467,Oc1cc(O)c(Cl)c(CCc2nccn2Cc2ccccc2)c1Cl
CHEMBL3426787,1800.0,=,Ki,5.75,1844173,COC(=O)c1c(O)cc(O)c(Cl)c1CCc1nccn1Cc1ccccc1
CHEMBL3426787,13200.0,=,IC50,4.88,1844173,COC(=O)c1c(O)cc(O)c(Cl)c1CCc1nccn1Cc1ccccc1
CHEMBL4075556,320.0,=,Kd,6.5,2215467,Oc1cc(O)c(Cl)c(CCc2nccn2Cc2ccccc2)c1Cl
CHEMBL3426787,620.0,=,Kd,6.21,1844173,COC(=O)c1c(O)cc(O)c(Cl)c1CCc1nccn1Cc1ccccc1
CHEMBL4126250,1.5,=,Kd,8.82,2257941,CCNC(=O)c1noc(-c2cc(C(C)C)c(O)cc2O)c1NC(=O)c1ccc(C(=O)NC(=N)N)cc1
CHEMBL4126250,21.0,=,IC50,7.68,2257941,CCNC(=O)c1noc(-c2cc(C(C)C)c(O)cc2O)c1NC(=O)c1ccc(C(=O)NC(=N)N)cc1
CHEMBL4175693,37.0,=,Kd,7.43,2278724,COc1cccc(Sc2cc(C(=O)N3Cc4ccccc4C3)c(O)cc2O)c1
CHEMBL4161657,65.0,=,Kd,7.19,2264688,O=C(c1cc(Sc2ccccc2O)c(O)cc1O)N1Cc2ccccc2C1
CHEMBL4176780,3520.0,=,Kd,5.45,2279811,CCOC(=O)c1cc(C(=O)N2Cc3ccccc3C2)c(O)cc1O
CHEMBL4173418,66.0,=,Kd,7.18,2276449,O=C(c1cc(Cc2ccccc2)c(O)cc1O)N1Cc2ccccc2C1
CHEMBL4165495,34.0,=,Kd,7.47,2268526,CN(c1ccccc1)c1ccc(O)c(C(=O)N2Cc3ccccc3C2)c1
CHEMBL4160774,26.0,=,Kd,7.58,2263805,O=C(c1cc(Sc2ccccc2)c(O)cc1O)N1Cc2ccccc2C1
CHEMBL4165074,52.0,=,Kd,7.28,2268105,O=C(c1cc(Sc2ccc(O)cc2)c(O)cc1O)N1Cc2ccccc2C1
CHEMBL4170382,70.0,=,Kd,7.16,2273413,Cc1ccc(Sc2cc(C(=O)N3Cc4ccccc4C3)c(O)cc2O)c(C)c1
CHEMBL4159747,66.0,=,Kd,7.18,2262778,Cc1ccc(Sc2cc(C(=O)N3Cc4ccccc4C3)c(O)cc2O)cc1C
CHEMBL4177418,31.0,=,Kd,7.51,2280449,Cc1ccc(C)c(Sc2cc(C(=O)N3Cc4ccccc4C3)c(O)cc2O)c1
CHEMBL4169566,29.0,=,Kd,7.54,2272597,O=C(c1cc(Sc2cc(Cl)cc(Cl)c2)c(O)cc1O)N1Cc2ccccc2C1
CHEMBL4162283,460.0,=,Kd,6.34,2265314,O=C(c1cc(Sc2ccc(Cl)cc2Cl)c(O)cc1O)N1Cc2ccccc2C1
CHEMBL4172951,200.0,=,Kd,6.7,2275982,O=C(c1cc(Cc2ccccc2Cl)c(O)cc1O)N1Cc2ccccc2C1
CHEMBL4170618,60.0,=,Kd,7.22,2273649,O=C(c1cc(Cc2ccc(Cl)cc2)c(O)cc1O)N1Cc2ccccc2C1
CHEMBL4162694,40.0,=,Kd,7.4,2265725,Cc1ccc(Cc2cc(C(=O)N3Cc4ccccc4C3)c(O)cc2O)cc1
CHEMBL4174059,77.0,=,Kd,7.11,2277090,O=C(c1cc(Cc2ccc(F)cc2)c(O)cc1O)N1Cc2ccccc2C1
CHEMBL4168598,25.0,=,Kd,7.6,2271629,O=C(c1cc(Br)c(O)cc1O)N1Cc2ccccc2C1
CHEMBL252164,12.0,=,IC50,7.92,419032,CCNC(=O)c1noc(-c2cc(C(C)C)c(O)cc2O)c1-c1ccc(CN2CCOCC2)cc1
CHEMBL4162078,123.0,=,IC50,6.91,2265109,CCNC(=O)c1noc(-c2cc(C(C)C)c(O)cc2O)c1-c1ccc(C(=O)N2CCN(CC(=O)Nc3cccc(Nc4ncc(Cl)c(Nc5ccccc5S(=O)(=O)C(C)C)n4)c3)CC2)cc1
CHEMBL4159769,370.0,=,IC50,6.43,2262800,CCNC(=O)c1noc(-c2cc(C(C)C)c(O)cc2O)c1-c1ccc(CNCC(=O)Nc2cccc(Nc3ncc(Cl)c(Nc4ccccc4S(=O)(=O)C(C)C)n3)c2)cc1
CHEMBL4170411,260.0,=,IC50,6.58,2273442,CCNC(=O)c1noc(-c2cc(C(C)C)c(O)cc2O)c1-c1ccc(CNCC(=O)Nc2ccc(OC)c(Nc3ncc(Cl)c(Nc4ccccc4S(=O)(=O)C(C)C)n3)c2)cc1
CHEMBL4159104,100.0,=,IC50,7.0,2262135,CCNC(=O)c1noc(-c2cc(C(C)C)c(O)cc2O)c1-c1ccc(CN2CCN(CC(=O)Nc3ccc(OC)c(Nc4ncc(Cl)c(Nc5ccccc5S(=O)(=O)C(C)C)n4)c3)CC2)cc1
CHEMBL4169444,84.8,=,IC50,7.07,2272475,CCNC(=O)c1noc(-c2cc(C(C)C)c(O)cc2O)c1-c1ccc(CN2CCN(CC(=O)NCC(=O)Nc3ccc(OC)c(Nc4ncc(Cl)c(Nc5ccccc5S(=O)(=O)C(C)C)n4)c3)CC2)cc1
CHEMBL4167999,40.0,=,IC50,7.4,2271030,COc1ccc(NC(=O)CN2CCN(Cc3ccc4c(c3)CN(C(=O)c3cc(C(C)C)c(O)cc3O)C4)CC2)cc1Nc1ncc(Cl)c(Nc2ccccc2S(=O)(=O)C(C)C)n1
CHEMBL4175858,47.0,=,IC50,7.33,2278889,COc1ccc(NC(=O)CNC(=O)CN2CCN(Cc3ccc4c(c3)CN(C(=O)c3cc(C(C)C)c(O)cc3O)C4)CC2)cc1Nc1ncc(Cl)c(Nc2ccccc2S(=O)(=O)C(C)C)n1
CHEMBL1214827,13.6,=,IC50,7.87,686684,CC(C)c1cc(C(=O)N2Cc3ccc(CN4CCN(C)CC4)cc3C2)c(O)cc1O
CHEMBL4170630,20600.0,=,Kd,4.69,2273661,CC(C)c1ccc(-c2ccc(N[C@H]3CC[C@H](O)CC3)c(C(N)=O)c2)cc1
CHEMBL3426787,13100.0,=,IC50,4.88,1844173,COC(=O)c1c(O)cc(O)c(Cl)c1CCc1nccn1Cc1ccccc1
CHEMBL3426786,870.0,=,Kd,6.06,1844172,COC(=O)c1c(O)cc(O)c(Cl)c1CCC(=O)NC1=CC(=O)C(OC)=CC1=O
CHEMBL4159086,39200.0,=,IC50,4.41,2262117,COC(=O)c1c(O)cc(O)c(Cl)c1CCc1ccccc1Cc1ccc(F)cc1
CHEMBL4225827,20200.0,=,IC50,4.7,2298318,CCNC(=O)c1cc2c(-c3cc(OCCCCCCn4cc(-c5nc(Nc6ccc(NC(=O)CCCCCCC(=O)O)cc6)nc6[nH]ccc56)cn4)c(Cl)cc3Cl)nc(N)nc2s1
CHEMBL278315,27.0,=,IC50,7.57,25906,COC1=C2C[C@@H](C)C[C@H](OC)[C@H](O)[C@@H](C)/C=C(\C)[C@H](OC(N)=O)[C@@H](OC)/C=C\C=C(/C)C(=O)NC(=CC1=O)C2=O
CHEMBL4249195,49.3,=,IC50,7.31,2313766,CC(C)c1cc(C(=O)N2CCc3cc(NC(=O)CCC(=O)NO)ccc32)c(O)cc1O
CHEMBL4241177,55.9,=,IC50,7.25,2305748,CC(C)c1cc(C(=O)N2CCc3cc(NC(=O)CCCC(=O)NO)ccc32)c(O)cc1O
CHEMBL4237454,40.2,=,IC50,7.4,2302025,CC(C)c1cc(C(=O)N2CCc3cc(NC(=O)CCCCCC(=O)NO)ccc32)c(O)cc1O
CHEMBL4241615,46.3,=,IC50,7.33,2306186,CC(C)c1cc(C(=O)N2CCc3cc(NC(=O)CCCCCCC(=O)NO)ccc32)c(O)cc1O
CHEMBL4247905,52.1,=,IC50,7.28,2312476,CC(C)c1cc(C(=O)N2CCc3cc(NC(=O)CCCCCCCC(=O)NO)ccc32)c(O)cc1O
CHEMBL4237899,58.6,=,IC50,7.23,2302470,CC(C)c1cc(C(=O)N2CCc3cc(NC(=O)CCCCCCCCC(=O)NO)ccc32)c(O)cc1O
CHEMBL4245766,85.7,=,IC50,7.07,2310337,CC(C)c1cc(C(=O)N2CCc3cc(NCc4ccc(C(=O)NO)cc4)ccc32)c(O)cc1O
CHEMBL467399,65.7,=,IC50,7.18,495617,COc1c(C)cnc(Cn2cnc3c(Cl)nc(N)nc32)c1C
CHEMBL4289811,3.08,=,Kd,8.51,2329259,CCCNC(=O)c1ccc(CN(C)C(=O)c2cc(C(C)C)c(O)cc2O)cc1
CHEMBL4289811,5.3,=,IC50,8.28,2329259,CCCNC(=O)c1ccc(CN(C)C(=O)c2cc(C(C)C)c(O)cc2O)cc1
CHEMBL4279132,6.5,=,IC50,8.19,2318583,CCNC(=O)c1ccc(CN(C)C(=O)c2cc(C(C)C)c(O)cc2O)cc1
CHEMBL4293186,11.4,=,IC50,7.94,2332634,CNC(=O)c1ccc(CN(C)C(=O)c2cc(C(C)C)c(O)cc2O)cc1
CHEMBL4282602,454.0,=,IC50,6.34,2322050,CCCNC(=O)c1ccc(CN(C)C(=O)c2cc(Cl)c(O)cc2O)cc1
CHEMBL4283580,611.5,=,IC50,6.21,2323028,CCNC(=O)c1ccc(CN(C)C(=O)c2cc(Cl)c(O)cc2O)cc1
CHEMBL4294168,496.0,=,IC50,6.3,2333616,CNC(=O)c1ccc(CN(C)C(=O)c2cc(Cl)c(O)cc2O)cc1
CHEMBL4285068,558.0,=,IC50,6.25,2324516,Cc1ccc(CN(C)C(=O)c2cc(Cl)c(O)cc2O)cc1
CHEMBL4277126,830.0,=,IC50,6.08,2316577,Cc1cccc(CN(C)C(=O)c2cc(Cl)c(O)cc2O)c1
CHEMBL4281643,995.0,=,IC50,6.0,2321091,Cc1ccccc1CN(C)C(=O)c1cc(Cl)c(O)cc1O
CHEMBL4292279,528.0,=,IC50,6.28,2331727,COc1cc(CN(C)C(=O)c2cc(Cl)c(O)cc2O)c(Br)c(OC)c1OC
CHEMBL4291855,429.0,=,IC50,6.37,2331303,COc1cc(CN(C)C(=O)c2cc(Cl)c(O)cc2O)c(Cl)c(OC)c1OC
CHEMBL4288435,585.0,=,IC50,6.23,2327883,CN(Cc1ccc2c(c1)OCO2)C(=O)c1cc(Cl)c(O)cc1O
CHEMBL4280551,362.0,=,IC50,6.44,2320002,COc1ccc(CN(C)C(=O)c2cc(Cl)c(O)cc2O)cc1OC
CHEMBL4292004,135.0,=,IC50,6.87,2331452,COc1ccc(CN(C)C(=O)c2cc(Cl)c(O)cc2O)cc1
CHEMBL4281389,413.0,=,IC50,6.38,2320837,CN(Cc1ccccc1)C(=O)c1cc(Cl)c(O)cc1O
CHEMBL278315,14.0,=,IC50,7.85,25906,COC1=C2C[C@@H](C)C[C@H](OC)[C@H](O)[C@@H](C)/C=C(\C)[C@H](OC(N)=O)[C@@H](OC)/C=C\C=C(/C)C(=O)NC(=CC1=O)C2=O
